1 1 1
1 2 1
1 3 1
1 4 1
1 5 1
1 6 1
1 7 1
1 8 1
1 9 1
1 10 1
1 11 1
1 12 1
1 13 1
1 14 1
1 15 1
1 16 1
1 17 1
1 18 1
1 19 1
1 20 1
1 21 0
1 22 0
1 23 0
1 24 0
1 25 0
1 26 0
1 27 0
1 28 0
1 29 0
1 30 0
1 31 0
1 32 0
1 33 0
1 34 0
1 35 0
1 36 0
1 37 0
1 38 0
1 39 0
1 40 0
1 41 0
1 42 0
1 43 0
1 44 0
1 45 0
1 46 0
1 47 0
1 48 0
1 49 0
1 50 0
1 51 0
1 52 0
1 53 0
1 54 0
1 55 0
1 56 0
1 57 0
1 58 0
1 59 0
1 60 0
1 61 0
1 62 0
1 63 0
1 64 0
1 65 0
1 66 0
1 67 0
1 68 0
1 69 0
1 70 0
1 71 0
1 72 0
1 73 0
1 74 0
1 75 0
1 76 0
1 77 0
1 78 0
1 79 0
1 80 0
1 81 0
1 82 1
1 83 1
1 84 1
1 85 1
1 86 1
1 87 1
1 88 1
1 89 1
1 90 1
1 91 1
1 92 1
1 93 1
1 94 1
1 95 1
1 96 1
1 97 1
1 98 1
1 99 1
1 100 1
1 101 1
1 102 1
1 103 1
1 104 1
1 105 1
1 106 1
1 107 1
1 108 1
1 109 1
1 110 1
1 111 1
1 112 1
1 113 1
1 114 1
1 115 1
1 116 1
1 117 1
1 118 1
1 119 1
1 120 1
2 1 1
2 2 1
2 3 1
2 4 1
2 5 1
2 6 1
2 7 1
2 8 1
2 9 1
2 10 1
2 11 1
2 12 1
2 13 1
2 14 1
2 15 1
2 16 1
2 17 1
2 18 1
2 19 1
2 20 1
2 21 1
2 22 0
2 23 0
2 24 0
2 25 0
2 26 0
2 27 0
2 28 0
2 29 0
2 30 0
2 31 0
2 32 0
2 33 0
2 34 0
2 35 0
2 36 0
2 37 0
2 38 0
2 39 0
2 40 0
2 41 0
2 42 0
2 43 0
2 44 0
2 45 0
2 46 0
2 47 0
2 48 0
2 49 0
2 50 0
2 51 0
2 52 0
2 53 0
2 54 0
2 55 0
2 56 0
2 57 0
2 58 0
2 59 0
2 60 0
2 61 0
2 62 0
2 63 0
2 64 0
2 65 0
2 66 0
2 67 0
2 68 0
2 69 0
2 70 0
2 71 0
2 72 0
2 73 0
2 74 0
2 75 0
2 76 0
2 77 0
2 78 0
2 79 0
2 80 0
2 81 1
2 82 1
2 83 1
2 84 1
2 85 1
2 86 1
2 87 1
2 88 1
2 89 1
2 90 1
2 91 1
2 92 1
2 93 1
2 94 1
2 95 1
2 96 1
2 97 1
2 98 1
2 99 1
2 100 1
2 101 1
2 102 1
2 103 1
2 104 1
2 105 1
2 106 1
2 107 1
2 108 1
2 109 1
2 110 1
2 111 1
2 112 1
2 113 1
2 114 1
2 115 1
2 116 1
2 117 1
2 118 1
2 119 1
2 120 1
3 1 1
3 2 1
3 3 1
3 4 1
3 5 1
3 6 1
3 7 1
3 8 1
3 9 1
3 10 1
3 11 1
3 12 1
3 13 1
3 14 1
3 15 1
3 16 1
3 17 1
3 18 1
3 19 1
3 20 1
3 21 1
3 22 0
3 23 0
3 24 0
3 25 0
3 26 0
3 27 0
3 28 0
3 29 0
3 30 0
3 31 0
3 32 0
3 33 0
3 34 0
3 35 0
3 36 0
3 37 0
3 38 0
3 39 0
3 40 0
3 41 0
3 42 0
3 43 0
3 44 0
3 45 0
3 46 0
3 47 0
3 48 0
3 49 0
3 50 0
3 51 0
3 52 0
3 53 0
3 54 0
3 55 0
3 56 0
3 57 0
3 58 0
3 59 0
3 60 0
3 61 0
3 62 0
3 63 0
3 64 0
3 65 0
3 66 0
3 67 0
3 68 0
3 69 0
3 70 0
3 71 0
3 72 0
3 73 0
3 74 0
3 75 0
3 76 0
3 77 0
3 78 0
3 79 0
3 80 0
3 81 1
3 82 1
3 83 1
3 84 1
3 85 1
3 86 1
3 87 1
3 88 1
3 89 1
3 90 1
3 91 1
3 92 1
3 93 1
3 94 1
3 95 1
3 96 1
3 97 1
3 98 1
3 99 1
3 100 1
3 101 1
3 102 1
3 103 1
3 104 1
3 105 1
3 106 1
3 107 1
3 108 1
3 109 1
3 110 1
3 111 1
3 112 1
3 113 1
3 114 1
3 115 1
3 116 1
3 117 1
3 118 1
3 119 1
3 120 1
4 1 1
4 2 1
4 3 1
4 4 1
4 5 1
4 6 1
4 7 1
4 8 1
4 9 1
4 10 1
4 11 1
4 12 1
4 13 1
4 14 1
4 15 1
4 16 1
4 17 1
4 18 1
4 19 1
4 20 1
4 21 1
4 22 0
4 23 0
4 24 0
4 25 0
4 26 0
4 27 0
4 28 0
4 29 0
4 30 0
4 31 0
4 32 0
4 33 0
4 34 0
4 35 0
4 36 0
4 37 0
4 38 0
4 39 0
4 40 0
4 41 0
4 42 0
4 43 0
4 44 0
4 45 0
4 46 0
4 47 0
4 48 0
4 49 0
4 50 0
4 51 0
4 52 0
4 53 0
4 54 0
4 55 0
4 56 0
4 57 0
4 58 0
4 59 0
4 60 0
4 61 0
4 62 0
4 63 0
4 64 0
4 65 0
4 66 0
4 67 0
4 68 0
4 69 0
4 70 0
4 71 0
4 72 0
4 73 0
4 74 0
4 75 0
4 76 0
4 77 0
4 78 0
4 79 0
4 80 0
4 81 1
4 82 1
4 83 1
4 84 1
4 85 1
4 86 1
4 87 1
4 88 1
4 89 1
4 90 1
4 91 1
4 92 1
4 93 1
4 94 1
4 95 1
4 96 1
4 97 1
4 98 1
4 99 1
4 100 1
4 101 1
4 102 1
4 103 1
4 104 1
4 105 1
4 106 1
4 107 1
4 108 1
4 109 1
4 110 1
4 111 1
4 112 1
4 113 1
4 114 1
4 115 1
4 116 1
4 117 1
4 118 1
4 119 1
4 120 1
5 1 1
5 2 1
5 3 1
5 4 1
5 5 1
5 6 1
5 7 1
5 8 1
5 9 1
5 10 1
5 11 1
5 12 1
5 13 1
5 14 1
5 15 1
5 16 1
5 17 1
5 18 1
5 19 1
5 20 1
5 21 1
5 22 0
5 23 0
5 24 0
5 25 0
5 26 0
5 27 0
5 28 0
5 29 0
5 30 0
5 31 0
5 32 0
5 33 0
5 34 0
5 35 0
5 36 0
5 37 0
5 38 0
5 39 0
5 40 0
5 41 0
5 42 0
5 43 0
5 44 0
5 45 0
5 46 0
5 47 0
5 48 0
5 49 0
5 50 0
5 51 0
5 52 0
5 53 0
5 54 0
5 55 0
5 56 0
5 57 0
5 58 0
5 59 0
5 60 0
5 61 0
5 62 0
5 63 0
5 64 0
5 65 0
5 66 0
5 67 0
5 68 0
5 69 0
5 70 0
5 71 0
5 72 0
5 73 0
5 74 0
5 75 0
5 76 0
5 77 0
5 78 0
5 79 0
5 80 0
5 81 1
5 82 1
5 83 1
5 84 1
5 85 1
5 86 1
5 87 1
5 88 1
5 89 1
5 90 1
5 91 1
5 92 1
5 93 1
5 94 1
5 95 1
5 96 1
5 97 1
5 98 1
5 99 1
5 100 1
5 101 1
5 102 1
5 103 1
5 104 1
5 105 1
5 106 1
5 107 1
5 108 1
5 109 1
5 110 1
5 111 1
5 112 1
5 113 1
5 114 1
5 115 1
5 116 1
5 117 1
5 118 1
5 119 1
5 120 1
6 1 1
6 2 1
6 3 1
6 4 1
6 5 1
6 6 1
6 7 1
6 8 1
6 9 1
6 10 1
6 11 1
6 12 1
6 13 1
6 14 1
6 15 1
6 16 1
6 17 1
6 18 1
6 19 1
6 20 1
6 21 1
6 22 0
6 23 0
6 24 0
6 25 0
6 26 0
6 27 0
6 28 0
6 29 0
6 30 0
6 31 0
6 32 0
6 33 0
6 34 0
6 35 0
6 36 0
6 37 0
6 38 0
6 39 0
6 40 0
6 41 0
6 42 0
6 43 0
6 44 0
6 45 0
6 46 0
6 47 0
6 48 0
6 49 0
6 50 0
6 51 0
6 52 0
6 53 0
6 54 0
6 55 0
6 56 0
6 57 0
6 58 0
6 59 0
6 60 0
6 61 0
6 62 0
6 63 0
6 64 0
6 65 0
6 66 0
6 67 0
6 68 0
6 69 0
6 70 0
6 71 0
6 72 0
6 73 0
6 74 0
6 75 0
6 76 0
6 77 0
6 78 0
6 79 0
6 80 0
6 81 1
6 82 1
6 83 1
6 84 1
6 85 1
6 86 1
6 87 1
6 88 1
6 89 1
6 90 1
6 91 1
6 92 1
6 93 1
6 94 1
6 95 1
6 96 1
6 97 1
6 98 1
6 99 1
6 100 1
6 101 1
6 102 1
6 103 1
6 104 1
6 105 1
6 106 1
6 107 1
6 108 1
6 109 1
6 110 1
6 111 1
6 112 1
6 113 1
6 114 1
6 115 1
6 116 1
6 117 1
6 118 1
6 119 1
6 120 1
7 1 1
7 2 1
7 3 1
7 4 1
7 5 1
7 6 1
7 7 1
7 8 1
7 9 1
7 10 1
7 11 1
7 12 1
7 13 1
7 14 1
7 15 1
7 16 1
7 17 1
7 18 1
7 19 1
7 20 1
7 21 1
7 22 0
7 23 0
7 24 0
7 25 0
7 26 0
7 27 0
7 28 0
7 29 0
7 30 0
7 31 0
7 32 0
7 33 0
7 34 0
7 35 0
7 36 0
7 37 0
7 38 0
7 39 0
7 40 0
7 41 0
7 42 0
7 43 0
7 44 0
7 45 0
7 46 0
7 47 0
7 48 0
7 49 0
7 50 0
7 51 0
7 52 0
7 53 0
7 54 0
7 55 0
7 56 0
7 57 0
7 58 0
7 59 0
7 60 0
7 61 0
7 62 0
7 63 0
7 64 0
7 65 0
7 66 0
7 67 0
7 68 0
7 69 0
7 70 0
7 71 0
7 72 0
7 73 0
7 74 0
7 75 0
7 76 0
7 77 0
7 78 0
7 79 0
7 80 0
7 81 1
7 82 1
7 83 1
7 84 1
7 85 1
7 86 1
7 87 1
7 88 1
7 89 1
7 90 1
7 91 1
7 92 1
7 93 1
7 94 1
7 95 1
7 96 1
7 97 1
7 98 1
7 99 1
7 100 1
7 101 1
7 102 1
7 103 1
7 104 1
7 105 1
7 106 1
7 107 1
7 108 1
7 109 1
7 110 1
7 111 1
7 112 1
7 113 1
7 114 1
7 115 1
7 116 1
7 117 1
7 118 1
7 119 1
7 120 1
8 1 1
8 2 1
8 3 1
8 4 1
8 5 1
8 6 1
8 7 1
8 8 1
8 9 1
8 10 1
8 11 1
8 12 1
8 13 1
8 14 1
8 15 1
8 16 1
8 17 1
8 18 1
8 19 1
8 20 1
8 21 1
8 22 0
8 23 0
8 24 0
8 25 0
8 26 0
8 27 0
8 28 0
8 29 0
8 30 0
8 31 0
8 32 0
8 33 0
8 34 0
8 35 0
8 36 0
8 37 0
8 38 0
8 39 0
8 40 0
8 41 0
8 42 0
8 43 0
8 44 0
8 45 0
8 46 0
8 47 0
8 48 0
8 49 0
8 50 0
8 51 0
8 52 0
8 53 0
8 54 0
8 55 0
8 56 0
8 57 0
8 58 0
8 59 0
8 60 0
8 61 0
8 62 0
8 63 0
8 64 0
8 65 0
8 66 0
8 67 0
8 68 0
8 69 0
8 70 0
8 71 0
8 72 0
8 73 0
8 74 0
8 75 0
8 76 0
8 77 0
8 78 0
8 79 0
8 80 0
8 81 1
8 82 1
8 83 1
8 84 1
8 85 1
8 86 1
8 87 1
8 88 1
8 89 1
8 90 1
8 91 1
8 92 1
8 93 1
8 94 1
8 95 1
8 96 1
8 97 1
8 98 1
8 99 1
8 100 1
8 101 1
8 102 1
8 103 1
8 104 1
8 105 1
8 106 1
8 107 1
8 108 1
8 109 1
8 110 1
8 111 1
8 112 1
8 113 1
8 114 1
8 115 1
8 116 1
8 117 1
8 118 1
8 119 1
8 120 1
9 1 1
9 2 1
9 3 1
9 4 1
9 5 1
9 6 1
9 7 1
9 8 1
9 9 1
9 10 1
9 11 1
9 12 1
9 13 1
9 14 1
9 15 1
9 16 1
9 17 1
9 18 1
9 19 1
9 20 1
9 21 1
9 22 1
9 23 0
9 24 0
9 25 0
9 26 0
9 27 0
9 28 0
9 29 0
9 30 0
9 31 0
9 32 0
9 33 0
9 34 0
9 35 0
9 36 0
9 37 0
9 38 0
9 39 0
9 40 0
9 41 0
9 42 0
9 43 0
9 44 0
9 45 0
9 46 0
9 47 0
9 48 0
9 49 0
9 50 0
9 51 0
9 52 0
9 53 0
9 54 0
9 55 0
9 56 0
9 57 0
9 58 0
9 59 0
9 60 0
9 61 0
9 62 0
9 63 0
9 64 0
9 65 0
9 66 0
9 67 0
9 68 0
9 69 0
9 70 0
9 71 0
9 72 0
9 73 0
9 74 0
9 75 0
9 76 0
9 77 0
9 78 0
9 79 0
9 80 1
9 81 1
9 82 1
9 83 1
9 84 1
9 85 1
9 86 1
9 87 1
9 88 1
9 89 1
9 90 1
9 91 1
9 92 1
9 93 1
9 94 1
9 95 1
9 96 1
9 97 1
9 98 1
9 99 1
9 100 1
9 101 1
9 102 1
9 103 1
9 104 1
9 105 1
9 106 1
9 107 1
9 108 1
9 109 1
9 110 1
9 111 1
9 112 1
9 113 1
9 114 1
9 115 1
9 116 1
9 117 1
9 118 1
9 119 1
9 120 1
10 1 1
10 2 1
10 3 1
10 4 1
10 5 1
10 6 1
10 7 1
10 8 1
10 9 1
10 10 1
10 11 1
10 12 1
10 13 1
10 14 1
10 15 1
10 16 1
10 17 1
10 18 1
10 19 1
10 20 1
10 21 1
10 22 1
10 23 0
10 24 0
10 25 0
10 26 0
10 27 0
10 28 0
10 29 0
10 30 0
10 31 0
10 32 0
10 33 0
10 34 0
10 35 0
10 36 0
10 37 0
10 38 0
10 39 0
10 40 0
10 41 0
10 42 0
10 43 0
10 44 0
10 45 0
10 46 0
10 47 0
10 48 0
10 49 0
10 50 0
10 51 0
10 52 0
10 53 0
10 54 0
10 55 0
10 56 0
10 57 0
10 58 0
10 59 0
10 60 0
10 61 0
10 62 0
10 63 0
10 64 0
10 65 0
10 66 0
10 67 0
10 68 0
10 69 0
10 70 0
10 71 0
10 72 0
10 73 0
10 74 0
10 75 0
10 76 0
10 77 0
10 78 0
10 79 0
10 80 1
10 81 1
10 82 1
10 83 1
10 84 1
10 85 1
10 86 1
10 87 1
10 88 1
10 89 1
10 90 1
10 91 1
10 92 1
10 93 1
10 94 1
10 95 1
10 96 1
10 97 1
10 98 1
10 99 1
10 100 1
10 101 1
10 102 1
10 103 1
10 104 1
10 105 1
10 106 1
10 107 1
10 108 1
10 109 1
10 110 1
10 111 1
10 112 1
10 113 1
10 114 1
10 115 1
10 116 1
10 117 1
10 118 1
10 119 1
10 120 1
11 1 1
11 2 1
11 3 1
11 4 1
11 5 1
11 6 1
11 7 1
11 8 1
11 9 1
11 10 1
11 11 1
11 12 1
11 13 1
11 14 1
11 15 1
11 16 1
11 17 1
11 18 1
11 19 1
11 20 1
11 21 1
11 22 1
11 23 0
11 24 0
11 25 0
11 26 0
11 27 0
11 28 0
11 29 0
11 30 0
11 31 0
11 32 0
11 33 0
11 34 0
11 35 0
11 36 0
11 37 0
11 38 0
11 39 0
11 40 0
11 41 0
11 42 0
11 43 0
11 44 0
11 45 0
11 46 0
11 47 0
11 48 0
11 49 0
11 50 0
11 51 0
11 52 0
11 53 0
11 54 0
11 55 0
11 56 0
11 57 0
11 58 0
11 59 0
11 60 0
11 61 0
11 62 0
11 63 0
11 64 0
11 65 0
11 66 0
11 67 0
11 68 0
11 69 0
11 70 0
11 71 0
11 72 0
11 73 0
11 74 0
11 75 0
11 76 0
11 77 0
11 78 0
11 79 0
11 80 1
11 81 1
11 82 1
11 83 1
11 84 1
11 85 1
11 86 1
11 87 1
11 88 1
11 89 1
11 90 1
11 91 1
11 92 1
11 93 1
11 94 1
11 95 1
11 96 1
11 97 1
11 98 1
11 99 1
11 100 1
11 101 1
11 102 1
11 103 1
11 104 1
11 105 1
11 106 1
11 107 1
11 108 1
11 109 1
11 110 1
11 111 1
11 112 1
11 113 1
11 114 1
11 115 1
11 116 1
11 117 1
11 118 1
11 119 1
11 120 1
12 1 1
12 2 1
12 3 1
12 4 1
12 5 1
12 6 1
12 7 1
12 8 1
12 9 1
12 10 1
12 11 1
12 12 1
12 13 1
12 14 1
12 15 1
12 16 1
12 17 1
12 18 1
12 19 1
12 20 1
12 21 1
12 22 1
12 23 1
12 24 0
12 25 0
12 26 0
12 27 0
12 28 0
12 29 0
12 30 0
12 31 0
12 32 0
12 33 0
12 34 0
12 35 0
12 36 0
12 37 0
12 38 0
12 39 0
12 40 0
12 41 0
12 42 0
12 43 0
12 44 0
12 45 0
12 46 0
12 47 0
12 48 0
12 49 0
12 50 0
12 51 0
12 52 0
12 53 0
12 54 0
12 55 0
12 56 0
12 57 0
12 58 0
12 59 0
12 60 0
12 61 0
12 62 0
12 63 0
12 64 0
12 65 0
12 66 0
12 67 0
12 68 0
12 69 0
12 70 0
12 71 0
12 72 0
12 73 0
12 74 0
12 75 0
12 76 0
12 77 0
12 78 0
12 79 1
12 80 1
12 81 1
12 82 1
12 83 1
12 84 1
12 85 1
12 86 1
12 87 1
12 88 1
12 89 1
12 90 1
12 91 1
12 92 1
12 93 1
12 94 1
12 95 1
12 96 1
12 97 1
12 98 1
12 99 1
12 100 1
12 101 1
12 102 1
12 103 1
12 104 1
12 105 1
12 106 1
12 107 1
12 108 1
12 109 1
12 110 1
12 111 1
12 112 1
12 113 1
12 114 1
12 115 1
12 116 1
12 117 1
12 118 1
12 119 1
12 120 1
13 1 1
13 2 1
13 3 1
13 4 1
13 5 1
13 6 1
13 7 1
13 8 1
13 9 1
13 10 1
13 11 1
13 12 1
13 13 1
13 14 1
13 15 1
13 16 1
13 17 1
13 18 1
13 19 1
13 20 1
13 21 1
13 22 1
13 23 1
13 24 0
13 25 0
13 26 0
13 27 0
13 28 0
13 29 0
13 30 0
13 31 0
13 32 0
13 33 0
13 34 0
13 35 0
13 36 0
13 37 0
13 38 0
13 39 0
13 40 0
13 41 0
13 42 0
13 43 0
13 44 0
13 45 0
13 46 0
13 47 0
13 48 0
13 49 0
13 50 0
13 51 0
13 52 0
13 53 0
13 54 0
13 55 0
13 56 0
13 57 0
13 58 0
13 59 0
13 60 0
13 61 0
13 62 0
13 63 0
13 64 0
13 65 0
13 66 0
13 67 0
13 68 0
13 69 0
13 70 0
13 71 0
13 72 0
13 73 0
13 74 0
13 75 0
13 76 0
13 77 0
13 78 0
13 79 1
13 80 1
13 81 1
13 82 1
13 83 1
13 84 1
13 85 1
13 86 1
13 87 1
13 88 1
13 89 1
13 90 1
13 91 1
13 92 1
13 93 1
13 94 1
13 95 1
13 96 1
13 97 1
13 98 1
13 99 1
13 100 1
13 101 1
13 102 1
13 103 1
13 104 1
13 105 1
13 106 1
13 107 1
13 108 1
13 109 1
13 110 1
13 111 1
13 112 1
13 113 1
13 114 1
13 115 1
13 116 1
13 117 1
13 118 1
13 119 1
13 120 1
14 1 1
14 2 1
14 3 1
14 4 1
14 5 1
14 6 1
14 7 1
14 8 1
14 9 1
14 10 1
14 11 1
14 12 1
14 13 1
14 14 1
14 15 1
14 16 1
14 17 1
14 18 1
14 19 1
14 20 1
14 21 1
14 22 1
14 23 1
14 24 0
14 25 0
14 26 0
14 27 0
14 28 0
14 29 0
14 30 0
14 31 0
14 32 0
14 33 0
14 34 0
14 35 0
14 36 0
14 37 0
14 38 0
14 39 0
14 40 0
14 41 0
14 42 0
14 43 0
14 44 0
14 45 0
14 46 0
14 47 0
14 48 0
14 49 0
14 50 0
14 51 0
14 52 0
14 53 0
14 54 0
14 55 0
14 56 0
14 57 0
14 58 0
14 59 0
14 60 0
14 61 0
14 62 0
14 63 0
14 64 0
14 65 0
14 66 0
14 67 0
14 68 0
14 69 0
14 70 0
14 71 0
14 72 0
14 73 0
14 74 0
14 75 0
14 76 0
14 77 0
14 78 0
14 79 1
14 80 1
14 81 1
14 82 1
14 83 1
14 84 1
14 85 1
14 86 1
14 87 1
14 88 1
14 89 1
14 90 1
14 91 1
14 92 1
14 93 1
14 94 1
14 95 1
14 96 1
14 97 1
14 98 1
14 99 1
14 100 1
14 101 1
14 102 1
14 103 1
14 104 1
14 105 1
14 106 1
14 107 1
14 108 1
14 109 1
14 110 1
14 111 1
14 112 1
14 113 1
14 114 1
14 115 1
14 116 1
14 117 1
14 118 1
14 119 1
14 120 1
15 1 1
15 2 1
15 3 1
15 4 1
15 5 1
15 6 1
15 7 1
15 8 1
15 9 1
15 10 1
15 11 1
15 12 1
15 13 1
15 14 1
15 15 1
15 16 1
15 17 1
15 18 1
15 19 1
15 20 1
15 21 1
15 22 1
15 23 1
15 24 1
15 25 0
15 26 0
15 27 0
15 28 0
15 29 0
15 30 0
15 31 0
15 32 0
15 33 0
15 34 0
15 35 0
15 36 0
15 37 0
15 38 0
15 39 0
15 40 0
15 41 0
15 42 0
15 43 0
15 44 0
15 45 0
15 46 0
15 47 0
15 48 0
15 49 0
15 50 0
15 51 0
15 52 0
15 53 0
15 54 0
15 55 0
15 56 0
15 57 0
15 58 0
15 59 0
15 60 0
15 61 0
15 62 0
15 63 0
15 64 0
15 65 0
15 66 0
15 67 0
15 68 0
15 69 0
15 70 0
15 71 0
15 72 0
15 73 0
15 74 0
15 75 0
15 76 0
15 77 0
15 78 1
15 79 1
15 80 1
15 81 1
15 82 1
15 83 1
15 84 1
15 85 1
15 86 1
15 87 1
15 88 1
15 89 1
15 90 1
15 91 1
15 92 1
15 93 1
15 94 1
15 95 1
15 96 1
15 97 1
15 98 1
15 99 1
15 100 1
15 101 1
15 102 1
15 103 1
15 104 1
15 105 1
15 106 1
15 107 1
15 108 1
15 109 1
15 110 1
15 111 1
15 112 1
15 113 1
15 114 1
15 115 1
15 116 1
15 117 1
15 118 1
15 119 1
15 120 1
16 1 1
16 2 1
16 3 1
16 4 1
16 5 1
16 6 1
16 7 1
16 8 1
16 9 1
16 10 1
16 11 1
16 12 1
16 13 1
16 14 1
16 15 1
16 16 1
16 17 1
16 18 1
16 19 1
16 20 1
16 21 1
16 22 1
16 23 1
16 24 1
16 25 1
16 26 0
16 27 0
16 28 0
16 29 0
16 30 0
16 31 0
16 32 0
16 33 0
16 34 0
16 35 0
16 36 0
16 37 0
16 38 0
16 39 0
16 40 0
16 41 0
16 42 0
16 43 0
16 44 0
16 45 0
16 46 0
16 47 0
16 48 0
16 49 0
16 50 0
16 51 0
16 52 0
16 53 0
16 54 0
16 55 0
16 56 0
16 57 0
16 58 0
16 59 0
16 60 0
16 61 0
16 62 0
16 63 0
16 64 0
16 65 0
16 66 0
16 67 0
16 68 0
16 69 0
16 70 0
16 71 0
16 72 0
16 73 0
16 74 0
16 75 0
16 76 0
16 77 1
16 78 1
16 79 1
16 80 1
16 81 1
16 82 1
16 83 1
16 84 1
16 85 1
16 86 1
16 87 1
16 88 1
16 89 1
16 90 1
16 91 1
16 92 1
16 93 1
16 94 1
16 95 1
16 96 1
16 97 1
16 98 1
16 99 1
16 100 1
16 101 1
16 102 1
16 103 1
16 104 1
16 105 1
16 106 1
16 107 1
16 108 1
16 109 1
16 110 1
16 111 1
16 112 1
16 113 1
16 114 1
16 115 1
16 116 1
16 117 1
16 118 1
16 119 1
16 120 1
17 1 1
17 2 1
17 3 1
17 4 1
17 5 1
17 6 1
17 7 1
17 8 1
17 9 1
17 10 1
17 11 1
17 12 1
17 13 1
17 14 1
17 15 1
17 16 1
17 17 1
17 18 1
17 19 1
17 20 1
17 21 1
17 22 1
17 23 1
17 24 1
17 25 1
17 26 0
17 27 0
17 28 0
17 29 0
17 30 0
17 31 0
17 32 0
17 33 0
17 34 0
17 35 0
17 36 0
17 37 0
17 38 0
17 39 0
17 40 0
17 41 0
17 42 0
17 43 0
17 44 0
17 45 0
17 46 0
17 47 0
17 48 0
17 49 0
17 50 0
17 51 0
17 52 0
17 53 0
17 54 0
17 55 0
17 56 0
17 57 0
17 58 0
17 59 0
17 60 0
17 61 0
17 62 0
17 63 0
17 64 0
17 65 0
17 66 0
17 67 0
17 68 0
17 69 0
17 70 0
17 71 0
17 72 0
17 73 0
17 74 0
17 75 0
17 76 0
17 77 1
17 78 1
17 79 1
17 80 1
17 81 1
17 82 1
17 83 1
17 84 1
17 85 1
17 86 1
17 87 1
17 88 1
17 89 1
17 90 1
17 91 1
17 92 1
17 93 1
17 94 1
17 95 1
17 96 1
17 97 1
17 98 1
17 99 1
17 100 1
17 101 1
17 102 1
17 103 1
17 104 1
17 105 1
17 106 1
17 107 1
17 108 1
17 109 1
17 110 1
17 111 1
17 112 1
17 113 1
17 114 1
17 115 1
17 116 1
17 117 1
17 118 1
17 119 1
17 120 1
18 1 1
18 2 1
18 3 1
18 4 1
18 5 1
18 6 1
18 7 1
18 8 1
18 9 1
18 10 1
18 11 1
18 12 1
18 13 1
18 14 1
18 15 1
18 16 1
18 17 1
18 18 1
18 19 1
18 20 1
18 21 1
18 22 1
18 23 1
18 24 1
18 25 1
18 26 1
18 27 0
18 28 0
18 29 0
18 30 0
18 31 0
18 32 0
18 33 0
18 34 0
18 35 0
18 36 0
18 37 0
18 38 0
18 39 0
18 40 0
18 41 0
18 42 0
18 43 0
18 44 0
18 45 0
18 46 0
18 47 0
18 48 0
18 49 0
18 50 0
18 51 0
18 52 0
18 53 0
18 54 0
18 55 0
18 56 0
18 57 0
18 58 0
18 59 0
18 60 0
18 61 0
18 62 0
18 63 0
18 64 0
18 65 0
18 66 0
18 67 0
18 68 0
18 69 0
18 70 0
18 71 0
18 72 0
18 73 0
18 74 0
18 75 0
18 76 1
18 77 1
18 78 1
18 79 1
18 80 1
18 81 1
18 82 1
18 83 1
18 84 1
18 85 1
18 86 1
18 87 1
18 88 1
18 89 1
18 90 1
18 91 1
18 92 1
18 93 1
18 94 1
18 95 1
18 96 1
18 97 1
18 98 1
18 99 1
18 100 1
18 101 1
18 102 1
18 103 1
18 104 1
18 105 1
18 106 1
18 107 1
18 108 1
18 109 1
18 110 1
18 111 1
18 112 1
18 113 1
18 114 1
18 115 1
18 116 1
18 117 1
18 118 1
18 119 1
18 120 1
19 1 1
19 2 1
19 3 1
19 4 1
19 5 1
19 6 1
19 7 1
19 8 1
19 9 1
19 10 1
19 11 1
19 12 1
19 13 1
19 14 1
19 15 1
19 16 1
19 17 1
19 18 1
19 19 1
19 20 1
19 21 1
19 22 1
19 23 1
19 24 1
19 25 1
19 26 1
19 27 0
19 28 0
19 29 0
19 30 0
19 31 0
19 32 0
19 33 0
19 34 0
19 35 0
19 36 0
19 37 0
19 38 0
19 39 0
19 40 0
19 41 0
19 42 0
19 43 0
19 44 0
19 45 0
19 46 0
19 47 0
19 48 0
19 49 0
19 50 0
19 51 0
19 52 0
19 53 0
19 54 0
19 55 0
19 56 0
19 57 0
19 58 0
19 59 0
19 60 0
19 61 0
19 62 0
19 63 0
19 64 0
19 65 0
19 66 0
19 67 0
19 68 0
19 69 0
19 70 0
19 71 0
19 72 0
19 73 0
19 74 0
19 75 0
19 76 1
19 77 1
19 78 1
19 79 1
19 80 1
19 81 1
19 82 1
19 83 1
19 84 1
19 85 1
19 86 1
19 87 1
19 88 1
19 89 1
19 90 1
19 91 1
19 92 1
19 93 1
19 94 1
19 95 1
19 96 1
19 97 1
19 98 1
19 99 1
19 100 1
19 101 1
19 102 1
19 103 1
19 104 1
19 105 1
19 106 1
19 107 1
19 108 1
19 109 1
19 110 1
19 111 1
19 112 1
19 113 1
19 114 1
19 115 1
19 116 1
19 117 1
19 118 1
19 119 1
19 120 1
20 1 1
20 2 1
20 3 1
20 4 1
20 5 1
20 6 1
20 7 1
20 8 1
20 9 1
20 10 1
20 11 1
20 12 1
20 13 1
20 14 1
20 15 1
20 16 1
20 17 1
20 18 1
20 19 1
20 20 1
20 21 1
20 22 1
20 23 1
20 24 1
20 25 1
20 26 1
20 27 1
20 28 0
20 29 0
20 30 0
20 31 0
20 32 0
20 33 0
20 34 0
20 35 0
20 36 0
20 37 0
20 38 0
20 39 0
20 40 0
20 41 0
20 42 0
20 43 0
20 44 0
20 45 0
20 46 0
20 47 0
20 48 0
20 49 0
20 50 0
20 51 0
20 52 0
20 53 0
20 54 0
20 55 0
20 56 0
20 57 0
20 58 0
20 59 0
20 60 0
20 61 0
20 62 0
20 63 0
20 64 0
20 65 0
20 66 0
20 67 0
20 68 0
20 69 0
20 70 0
20 71 0
20 72 0
20 73 0
20 74 0
20 75 1
20 76 1
20 77 1
20 78 1
20 79 1
20 80 1
20 81 1
20 82 1
20 83 1
20 84 1
20 85 1
20 86 1
20 87 1
20 88 1
20 89 1
20 90 1
20 91 1
20 92 1
20 93 1
20 94 1
20 95 1
20 96 1
20 97 1
20 98 1
20 99 1
20 100 1
20 101 1
20 102 1
20 103 1
20 104 1
20 105 1
20 106 1
20 107 1
20 108 1
20 109 1
20 110 1
20 111 1
20 112 1
20 113 1
20 114 1
20 115 1
20 116 1
20 117 1
20 118 1
20 119 1
20 120 1
21 1 1
21 2 1
21 3 1
21 4 1
21 5 1
21 6 1
21 7 1
21 8 1
21 9 1
21 10 1
21 11 1
21 12 1
21 13 1
21 14 1
21 15 1
21 16 1
21 17 1
21 18 1
21 19 1
21 20 1
21 21 1
21 22 1
21 23 1
21 24 1
21 25 1
21 26 1
21 27 1
21 28 1
21 29 0
21 30 0
21 31 0
21 32 0
21 33 0
21 34 0
21 35 0
21 36 0
21 37 0
21 38 0
21 39 0
21 40 0
21 41 0
21 42 0
21 43 0
21 44 0
21 45 0
21 46 0
21 47 0
21 48 0
21 49 0
21 50 0
21 51 0
21 52 0
21 53 0
21 54 0
21 55 0
21 56 0
21 57 0
21 58 0
21 59 0
21 60 0
21 61 0
21 62 0
21 63 0
21 64 0
21 65 0
21 66 0
21 67 0
21 68 0
21 69 0
21 70 0
21 71 0
21 72 0
21 73 0
21 74 1
21 75 1
21 76 1
21 77 1
21 78 1
21 79 1
21 80 1
21 81 1
21 82 1
21 83 1
21 84 1
21 85 1
21 86 1
21 87 1
21 88 1
21 89 1
21 90 1
21 91 1
21 92 1
21 93 1
21 94 1
21 95 1
21 96 1
21 97 1
21 98 1
21 99 1
21 100 1
21 101 1
21 102 1
21 103 1
21 104 1
21 105 1
21 106 1
21 107 1
21 108 1
21 109 1
21 110 1
21 111 1
21 112 1
21 113 1
21 114 1
21 115 1
21 116 1
21 117 1
21 118 1
21 119 1
21 120 1
22 1 1
22 2 1
22 3 1
22 4 1
22 5 1
22 6 1
22 7 1
22 8 1
22 9 1
22 10 1
22 11 1
22 12 1
22 13 1
22 14 1
22 15 1
22 16 1
22 17 1
22 18 1
22 19 1
22 20 1
22 21 1
22 22 1
22 23 1
22 24 1
22 25 1
22 26 1
22 27 1
22 28 1
22 29 1
22 30 0
22 31 0
22 32 0
22 33 0
22 34 0
22 35 0
22 36 0
22 37 0
22 38 0
22 39 0
22 40 0
22 41 0
22 42 0
22 43 0
22 44 0
22 45 0
22 46 0
22 47 0
22 48 0
22 49 0
22 50 0
22 51 0
22 52 0
22 53 0
22 54 0
22 55 0
22 56 0
22 57 0
22 58 0
22 59 0
22 60 0
22 61 0
22 62 0
22 63 0
22 64 0
22 65 0
22 66 0
22 67 0
22 68 0
22 69 0
22 70 0
22 71 0
22 72 0
22 73 1
22 74 1
22 75 1
22 76 1
22 77 1
22 78 1
22 79 1
22 80 1
22 81 1
22 82 1
22 83 1
22 84 1
22 85 1
22 86 1
22 87 1
22 88 1
22 89 1
22 90 1
22 91 1
22 92 1
22 93 1
22 94 1
22 95 1
22 96 1
22 97 1
22 98 1
22 99 1
22 100 1
22 101 1
22 102 1
22 103 1
22 104 1
22 105 1
22 106 1
22 107 1
22 108 1
22 109 1
22 110 1
22 111 1
22 112 1
22 113 1
22 114 1
22 115 1
22 116 1
22 117 1
22 118 1
22 119 1
22 120 1
23 1 1
23 2 1
23 3 1
23 4 1
23 5 1
23 6 1
23 7 1
23 8 1
23 9 1
23 10 1
23 11 1
23 12 1
23 13 1
23 14 1
23 15 1
23 16 1
23 17 1
23 18 1
23 19 1
23 20 1
23 21 1
23 22 1
23 23 1
23 24 1
23 25 1
23 26 1
23 27 1
23 28 1
23 29 1
23 30 1
23 31 0
23 32 0
23 33 0
23 34 0
23 35 0
23 36 0
23 37 0
23 38 0
23 39 0
23 40 0
23 41 0
23 42 0
23 43 0
23 44 0
23 45 0
23 46 0
23 47 0
23 48 0
23 49 0
23 50 0
23 51 0
23 52 0
23 53 0
23 54 0
23 55 0
23 56 0
23 57 0
23 58 0
23 59 0
23 60 0
23 61 0
23 62 0
23 63 0
23 64 0
23 65 0
23 66 0
23 67 0
23 68 0
23 69 0
23 70 0
23 71 0
23 72 1
23 73 1
23 74 1
23 75 1
23 76 1
23 77 1
23 78 1
23 79 1
23 80 1
23 81 1
23 82 1
23 83 1
23 84 1
23 85 1
23 86 1
23 87 1
23 88 1
23 89 1
23 90 1
23 91 1
23 92 1
23 93 1
23 94 1
23 95 1
23 96 1
23 97 1
23 98 1
23 99 1
23 100 1
23 101 1
23 102 1
23 103 1
23 104 1
23 105 1
23 106 1
23 107 1
23 108 1
23 109 1
23 110 1
23 111 1
23 112 1
23 113 1
23 114 1
23 115 1
23 116 1
23 117 1
23 118 1
23 119 1
23 120 1
24 1 1
24 2 1
24 3 1
24 4 1
24 5 1
24 6 1
24 7 1
24 8 1
24 9 1
24 10 1
24 11 1
24 12 1
24 13 1
24 14 1
24 15 1
24 16 1
24 17 1
24 18 1
24 19 1
24 20 1
24 21 1
24 22 1
24 23 1
24 24 1
24 25 1
24 26 1
24 27 1
24 28 1
24 29 1
24 30 1
24 31 1
24 32 0
24 33 0
24 34 0
24 35 0
24 36 0
24 37 0
24 38 0
24 39 0
24 40 0
24 41 0
24 42 0
24 43 0
24 44 0
24 45 0
24 46 0
24 47 0
24 48 0
24 49 0
24 50 0
24 51 0
24 52 0
24 53 0
24 54 0
24 55 0
24 56 0
24 57 0
24 58 0
24 59 0
24 60 0
24 61 0
24 62 0
24 63 0
24 64 0
24 65 0
24 66 0
24 67 0
24 68 0
24 69 0
24 70 0
24 71 1
24 72 1
24 73 1
24 74 1
24 75 1
24 76 1
24 77 1
24 78 1
24 79 1
24 80 1
24 81 1
24 82 1
24 83 1
24 84 1
24 85 1
24 86 1
24 87 1
24 88 1
24 89 1
24 90 1
24 91 1
24 92 1
24 93 1
24 94 1
24 95 1
24 96 1
24 97 1
24 98 1
24 99 1
24 100 1
24 101 1
24 102 1
24 103 1
24 104 1
24 105 1
24 106 1
24 107 1
24 108 1
24 109 1
24 110 1
24 111 1
24 112 1
24 113 1
24 114 1
24 115 1
24 116 1
24 117 1
24 118 1
24 119 1
24 120 1
25 1 1
25 2 1
25 3 1
25 4 1
25 5 1
25 6 1
25 7 1
25 8 1
25 9 1
25 10 1
25 11 1
25 12 1
25 13 1
25 14 1
25 15 1
25 16 1
25 17 1
25 18 1
25 19 1
25 20 1
25 21 1
25 22 1
25 23 1
25 24 1
25 25 1
25 26 1
25 27 1
25 28 1
25 29 1
25 30 1
25 31 1
25 32 1
25 33 0
25 34 0
25 35 0
25 36 0
25 37 0
25 38 0
25 39 0
25 40 0
25 41 0
25 42 0
25 43 0
25 44 0
25 45 0
25 46 0
25 47 0
25 48 0
25 49 0
25 50 0
25 51 0
25 52 0
25 53 0
25 54 0
25 55 0
25 56 0
25 57 0
25 58 0
25 59 0
25 60 0
25 61 0
25 62 0
25 63 0
25 64 0
25 65 0
25 66 0
25 67 0
25 68 0
25 69 0
25 70 1
25 71 1
25 72 1
25 73 1
25 74 1
25 75 1
25 76 1
25 77 1
25 78 1
25 79 1
25 80 1
25 81 1
25 82 1
25 83 1
25 84 1
25 85 1
25 86 1
25 87 1
25 88 1
25 89 1
25 90 1
25 91 1
25 92 1
25 93 1
25 94 1
25 95 1
25 96 1
25 97 1
25 98 1
25 99 1
25 100 1
25 101 1
25 102 1
25 103 1
25 104 1
25 105 1
25 106 1
25 107 1
25 108 1
25 109 1
25 110 1
25 111 1
25 112 1
25 113 1
25 114 1
25 115 1
25 116 1
25 117 1
25 118 1
25 119 1
25 120 1
26 1 1
26 2 1
26 3 1
26 4 1
26 5 1
26 6 1
26 7 1
26 8 1
26 9 1
26 10 1
26 11 1
26 12 1
26 13 1
26 14 1
26 15 1
26 16 1
26 17 1
26 18 1
26 19 1
26 20 1
26 21 1
26 22 1
26 23 1
26 24 1
26 25 1
26 26 1
26 27 1
26 28 1
26 29 1
26 30 1
26 31 1
26 32 1
26 33 1
26 34 1
26 35 0
26 36 0
26 37 0
26 38 0
26 39 0
26 40 0
26 41 0
26 42 0
26 43 0
26 44 0
26 45 0
26 46 0
26 47 0
26 48 0
26 49 0
26 50 0
26 51 0
26 52 0
26 53 0
26 54 0
26 55 0
26 56 0
26 57 0
26 58 0
26 59 0
26 60 0
26 61 0
26 62 0
26 63 0
26 64 0
26 65 0
26 66 0
26 67 0
26 68 1
26 69 1
26 70 1
26 71 1
26 72 1
26 73 1
26 74 1
26 75 1
26 76 1
26 77 1
26 78 1
26 79 1
26 80 1
26 81 1
26 82 1
26 83 1
26 84 1
26 85 1
26 86 1
26 87 1
26 88 1
26 89 1
26 90 1
26 91 1
26 92 1
26 93 1
26 94 1
26 95 1
26 96 1
26 97 1
26 98 1
26 99 1
26 100 1
26 101 1
26 102 1
26 103 1
26 104 1
26 105 1
26 106 1
26 107 1
26 108 1
26 109 1
26 110 1
26 111 1
26 112 1
26 113 1
26 114 1
26 115 1
26 116 1
26 117 1
26 118 1
26 119 1
26 120 1
27 1 1
27 2 1
27 3 1
27 4 1
27 5 1
27 6 1
27 7 1
27 8 1
27 9 1
27 10 1
27 11 1
27 12 1
27 13 1
27 14 1
27 15 1
27 16 1
27 17 1
27 18 1
27 19 1
27 20 1
27 21 1
27 22 1
27 23 1
27 24 1
27 25 1
27 26 1
27 27 1
27 28 1
27 29 1
27 30 1
27 31 1
27 32 1
27 33 1
27 34 1
27 35 1
27 36 1
27 37 0
27 38 0
27 39 0
27 40 0
27 41 0
27 42 0
27 43 0
27 44 0
27 45 0
27 46 0
27 47 0
27 48 0
27 49 0
27 50 0
27 51 0
27 52 0
27 53 0
27 54 0
27 55 0
27 56 0
27 57 0
27 58 0
27 59 0
27 60 0
27 61 0
27 62 0
27 63 0
27 64 0
27 65 0
27 66 1
27 67 1
27 68 1
27 69 1
27 70 1
27 71 1
27 72 1
27 73 1
27 74 1
27 75 1
27 76 1
27 77 1
27 78 1
27 79 1
27 80 1
27 81 1
27 82 1
27 83 1
27 84 1
27 85 1
27 86 1
27 87 1
27 88 1
27 89 1
27 90 1
27 91 1
27 92 1
27 93 1
27 94 1
27 95 1
27 96 1
27 97 1
27 98 1
27 99 1
27 100 1
27 101 1
27 102 1
27 103 1
27 104 1
27 105 1
27 106 1
27 107 1
27 108 1
27 109 1
27 110 1
27 111 1
27 112 1
27 113 1
27 114 1
27 115 1
27 116 1
27 117 1
27 118 1
27 119 1
27 120 1
28 1 1
28 2 1
28 3 1
28 4 1
28 5 1
28 6 1
28 7 1
28 8 1
28 9 1
28 10 1
28 11 1
28 12 1
28 13 1
28 14 1
28 15 1
28 16 1
28 17 1
28 18 1
28 19 1
28 20 1
28 21 1
28 22 1
28 23 1
28 24 1
28 25 1
28 26 1
28 27 1
28 28 1
28 29 1
28 30 1
28 31 1
28 32 1
28 33 1
28 34 1
28 35 1
28 36 1
28 37 1
28 38 0
28 39 0
28 40 0
28 41 0
28 42 0
28 43 0
28 44 0
28 45 0
28 46 0
28 47 0
28 48 0
28 49 0
28 50 0
28 51 0
28 52 0
28 53 0
28 54 0
28 55 0
28 56 0
28 57 0
28 58 0
28 59 0
28 60 0
28 61 0
28 62 0
28 63 0
28 64 0
28 65 1
28 66 1
28 67 1
28 68 1
28 69 1
28 70 1
28 71 1
28 72 1
28 73 1
28 74 1
28 75 1
28 76 1
28 77 1
28 78 1
28 79 1
28 80 1
28 81 1
28 82 1
28 83 1
28 84 1
28 85 1
28 86 1
28 87 1
28 88 1
28 89 1
28 90 1
28 91 1
28 92 1
28 93 1
28 94 1
28 95 1
28 96 1
28 97 1
28 98 1
28 99 1
28 100 1
28 101 1
28 102 1
28 103 1
28 104 1
28 105 1
28 106 1
28 107 1
28 108 1
28 109 1
28 110 1
28 111 1
28 112 1
28 113 1
28 114 1
28 115 1
28 116 1
28 117 1
28 118 1
28 119 1
28 120 1
29 1 1
29 2 1
29 3 1
29 4 1
29 5 1
29 6 1
29 7 1
29 8 1
29 9 1
29 10 1
29 11 1
29 12 1
29 13 1
29 14 1
29 15 1
29 16 1
29 17 1
29 18 1
29 19 1
29 20 1
29 21 1
29 22 1
29 23 1
29 24 1
29 25 1
29 26 1
29 27 1
29 28 1
29 29 1
29 30 1
29 31 1
29 32 1
29 33 1
29 34 1
29 35 1
29 36 1
29 37 1
29 38 1
29 39 1
29 40 1
29 41 0
29 42 0
29 43 0
29 44 0
29 45 0
29 46 0
29 47 0
29 48 0
29 49 0
29 50 0
29 51 0
29 52 0
29 53 0
29 54 0
29 55 0
29 56 0
29 57 0
29 58 0
29 59 0
29 60 0
29 61 0
29 62 1
29 63 1
29 64 1
29 65 1
29 66 1
29 67 1
29 68 1
29 69 1
29 70 1
29 71 1
29 72 1
29 73 1
29 74 1
29 75 1
29 76 1
29 77 1
29 78 1
29 79 1
29 80 1
29 81 1
29 82 1
29 83 1
29 84 1
29 85 1
29 86 1
29 87 1
29 88 1
29 89 1
29 90 1
29 91 1
29 92 1
29 93 1
29 94 1
29 95 1
29 96 1
29 97 1
29 98 1
29 99 1
29 100 1
29 101 1
29 102 1
29 103 1
29 104 1
29 105 1
29 106 1
29 107 1
29 108 1
29 109 1
29 110 1
29 111 1
29 112 1
29 113 1
29 114 1
29 115 1
29 116 1
29 117 1
29 118 1
29 119 1
29 120 1
30 1 1
30 2 1
30 3 1
30 4 1
30 5 1
30 6 1
30 7 1
30 8 1
30 9 1
30 10 1
30 11 1
30 12 1
30 13 1
30 14 1
30 15 1
30 16 1
30 17 1
30 18 1
30 19 1
30 20 1
30 21 1
30 22 1
30 23 1
30 24 1
30 25 1
30 26 1
30 27 1
30 28 1
30 29 1
30 30 1
30 31 1
30 32 1
30 33 1
30 34 1
30 35 1
30 36 1
30 37 1
30 38 1
30 39 1
30 40 1
30 41 1
30 42 1
30 43 1
30 44 0
30 45 0
30 46 0
30 47 0
30 48 0
30 49 0
30 50 0
30 51 0
30 52 0
30 53 0
30 54 0
30 55 0
30 56 0
30 57 0
30 58 0
30 59 1
30 60 1
30 61 1
30 62 1
30 63 1
30 64 1
30 65 1
30 66 1
30 67 1
30 68 1
30 69 1
30 70 1
30 71 1
30 72 1
30 73 1
30 74 1
30 75 1
30 76 1
30 77 1
30 78 1
30 79 1
30 80 1
30 81 1
30 82 1
30 83 1
30 84 1
30 85 1
30 86 1
30 87 1
30 88 1
30 89 1
30 90 1
30 91 1
30 92 1
30 93 1
30 94 1
30 95 1
30 96 1
30 97 1
30 98 1
30 99 1
30 100 1
30 101 1
30 102 1
30 103 1
30 104 1
30 105 1
30 106 1
30 107 1
30 108 1
30 109 1
30 110 1
30 111 1
30 112 1
30 113 1
30 114 1
30 115 1
30 116 1
30 117 1
30 118 1
30 119 1
30 120 1
31 1 1
31 2 1
31 3 1
31 4 1
31 5 1
31 6 1
31 7 1
31 8 1
31 9 1
31 10 1
31 11 1
31 12 1
31 13 1
31 14 1
31 15 1
31 16 1
31 17 1
31 18 1
31 19 1
31 20 1
31 21 1
31 22 1
31 23 1
31 24 1
31 25 1
31 26 1
31 27 1
31 28 1
31 29 1
31 30 1
31 31 1
31 32 1
31 33 1
31 34 1
31 35 1
31 36 1
31 37 1
31 38 1
31 39 1
31 40 1
31 41 1
31 42 1
31 43 1
31 44 1
31 45 1
31 46 1
31 47 1
31 48 1
31 49 1
31 50 1
31 51 0
31 52 1
31 53 1
31 54 1
31 55 1
31 56 1
31 57 1
31 58 1
31 59 1
31 60 1
31 61 1
31 62 1
31 63 1
31 64 1
31 65 1
31 66 1
31 67 1
31 68 1
31 69 1
31 70 1
31 71 1
31 72 1
31 73 1
31 74 1
31 75 1
31 76 1
31 77 1
31 78 1
31 79 1
31 80 1
31 81 1
31 82 1
31 83 1
31 84 1
31 85 1
31 86 1
31 87 1
31 88 1
31 89 1
31 90 1
31 91 1
31 92 1
31 93 1
31 94 1
31 95 1
31 96 1
31 97 1
31 98 1
31 99 1
31 100 1
31 101 1
31 102 1
31 103 1
31 104 1
31 105 1
31 106 1
31 107 1
31 108 1
31 109 1
31 110 1
31 111 1
31 112 1
31 113 1
31 114 1
31 115 1
31 116 1
31 117 1
31 118 1
31 119 1
31 120 1
32 1 1
32 2 1
32 3 1
32 4 1
32 5 1
32 6 1
32 7 1
32 8 1
32 9 1
32 10 1
32 11 1
32 12 1
32 13 1
32 14 1
32 15 1
32 16 1
32 17 1
32 18 1
32 19 1
32 20 1
32 21 1
32 22 1
32 23 1
32 24 1
32 25 1
32 26 1
32 27 1
32 28 1
32 29 1
32 30 1
32 31 1
32 32 1
32 33 1
32 34 1
32 35 1
32 36 1
32 37 1
32 38 1
32 39 1
32 40 1
32 41 1
32 42 1
32 43 1
32 44 1
32 45 1
32 46 1
32 47 1
32 48 1
32 49 1
32 50 1
32 51 1
32 52 1
32 53 1
32 54 1
32 55 1
32 56 1
32 57 1
32 58 1
32 59 1
32 60 1
32 61 1
32 62 1
32 63 1
32 64 1
32 65 1
32 66 1
32 67 1
32 68 1
32 69 1
32 70 1
32 71 1
32 72 1
32 73 1
32 74 1
32 75 1
32 76 1
32 77 1
32 78 1
32 79 1
32 80 1
32 81 1
32 82 1
32 83 1
32 84 1
32 85 1
32 86 1
32 87 1
32 88 1
32 89 1
32 90 1
32 91 1
32 92 1
32 93 1
32 94 1
32 95 1
32 96 1
32 97 1
32 98 1
32 99 1
32 100 1
32 101 1
32 102 1
32 103 1
32 104 1
32 105 1
32 106 1
32 107 1
32 108 1
32 109 1
32 110 1
32 111 1
32 112 1
32 113 1
32 114 1
32 115 1
32 116 1
32 117 1
32 118 1
32 119 1
32 120 1
33 1 1
33 2 1
33 3 1
33 4 1
33 5 1
33 6 1
33 7 1
33 8 1
33 9 1
33 10 1
33 11 1
33 12 1
33 13 1
33 14 1
33 15 1
33 16 1
33 17 1
33 18 1
33 19 1
33 20 1
33 21 1
33 22 1
33 23 1
33 24 1
33 25 1
33 26 1
33 27 1
33 28 1
33 29 1
33 30 1
33 31 1
33 32 1
33 33 1
33 34 1
33 35 1
33 36 1
33 37 1
33 38 1
33 39 1
33 40 1
33 41 1
33 42 1
33 43 1
33 44 1
33 45 1
33 46 1
33 47 1
33 48 1
33 49 1
33 50 1
33 51 1
33 52 1
33 53 1
33 54 1
33 55 1
33 56 1
33 57 1
33 58 1
33 59 1
33 60 1
33 61 1
33 62 1
33 63 1
33 64 1
33 65 1
33 66 1
33 67 1
33 68 1
33 69 1
33 70 1
33 71 1
33 72 1
33 73 1
33 74 1
33 75 1
33 76 1
33 77 1
33 78 1
33 79 1
33 80 1
33 81 1
33 82 1
33 83 1
33 84 1
33 85 1
33 86 1
33 87 1
33 88 1
33 89 1
33 90 1
33 91 1
33 92 1
33 93 1
33 94 1
33 95 1
33 96 1
33 97 1
33 98 1
33 99 1
33 100 1
33 101 1
33 102 1
33 103 1
33 104 1
33 105 1
33 106 1
33 107 1
33 108 1
33 109 1
33 110 1
33 111 1
33 112 1
33 113 1
33 114 1
33 115 1
33 116 1
33 117 1
33 118 1
33 119 1
33 120 1
34 1 1
34 2 1
34 3 1
34 4 1
34 5 1
34 6 1
34 7 1
34 8 1
34 9 1
34 10 1
34 11 1
34 12 1
34 13 1
34 14 1
34 15 1
34 16 1
34 17 1
34 18 1
34 19 1
34 20 1
34 21 1
34 22 1
34 23 1
34 24 1
34 25 1
34 26 1
34 27 1
34 28 1
34 29 1
34 30 1
34 31 1
34 32 1
34 33 1
34 34 1
34 35 1
34 36 1
34 37 1
34 38 1
34 39 1
34 40 1
34 41 1
34 42 1
34 43 1
34 44 1
34 45 1
34 46 1
34 47 1
34 48 1
34 49 1
34 50 1
34 51 1
34 52 1
34 53 1
34 54 1
34 55 1
34 56 1
34 57 1
34 58 1
34 59 1
34 60 1
34 61 1
34 62 1
34 63 1
34 64 1
34 65 1
34 66 1
34 67 1
34 68 1
34 69 1
34 70 1
34 71 1
34 72 1
34 73 1
34 74 1
34 75 1
34 76 1
34 77 1
34 78 1
34 79 1
34 80 1
34 81 1
34 82 1
34 83 1
34 84 1
34 85 1
34 86 1
34 87 1
34 88 1
34 89 1
34 90 1
34 91 1
34 92 1
34 93 1
34 94 1
34 95 1
34 96 1
34 97 1
34 98 1
34 99 1
34 100 1
34 101 1
34 102 1
34 103 1
34 104 1
34 105 1
34 106 1
34 107 1
34 108 1
34 109 1
34 110 1
34 111 1
34 112 1
34 113 1
34 114 1
34 115 1
34 116 1
34 117 1
34 118 1
34 119 1
34 120 1
35 1 1
35 2 1
35 3 1
35 4 1
35 5 1
35 6 1
35 7 1
35 8 1
35 9 1
35 10 1
35 11 1
35 12 1
35 13 1
35 14 1
35 15 1
35 16 1
35 17 1
35 18 1
35 19 1
35 20 1
35 21 1
35 22 1
35 23 1
35 24 1
35 25 1
35 26 1
35 27 1
35 28 1
35 29 1
35 30 1
35 31 1
35 32 1
35 33 1
35 34 1
35 35 1
35 36 1
35 37 1
35 38 1
35 39 1
35 40 1
35 41 1
35 42 1
35 43 1
35 44 1
35 45 1
35 46 1
35 47 1
35 48 1
35 49 1
35 50 1
35 51 1
35 52 1
35 53 1
35 54 1
35 55 1
35 56 1
35 57 1
35 58 1
35 59 1
35 60 1
35 61 1
35 62 1
35 63 1
35 64 1
35 65 1
35 66 1
35 67 1
35 68 1
35 69 1
35 70 1
35 71 1
35 72 1
35 73 1
35 74 1
35 75 1
35 76 1
35 77 1
35 78 1
35 79 1
35 80 1
35 81 1
35 82 1
35 83 1
35 84 1
35 85 1
35 86 1
35 87 1
35 88 1
35 89 1
35 90 1
35 91 1
35 92 1
35 93 1
35 94 1
35 95 1
35 96 1
35 97 1
35 98 1
35 99 1
35 100 1
35 101 1
35 102 1
35 103 1
35 104 1
35 105 1
35 106 1
35 107 1
35 108 1
35 109 1
35 110 1
35 111 1
35 112 1
35 113 1
35 114 1
35 115 1
35 116 1
35 117 1
35 118 1
35 119 1
35 120 1
36 1 1
36 2 1
36 3 1
36 4 1
36 5 1
36 6 1
36 7 1
36 8 1
36 9 1
36 10 1
36 11 1
36 12 1
36 13 1
36 14 1
36 15 1
36 16 1
36 17 1
36 18 1
36 19 1
36 20 1
36 21 1
36 22 1
36 23 1
36 24 1
36 25 1
36 26 1
36 27 1
36 28 1
36 29 1
36 30 1
36 31 1
36 32 1
36 33 1
36 34 1
36 35 1
36 36 1
36 37 1
36 38 1
36 39 1
36 40 1
36 41 1
36 42 1
36 43 1
36 44 1
36 45 1
36 46 1
36 47 1
36 48 1
36 49 1
36 50 1
36 51 1
36 52 1
36 53 1
36 54 1
36 55 1
36 56 1
36 57 1
36 58 1
36 59 1
36 60 1
36 61 1
36 62 1
36 63 1
36 64 1
36 65 1
36 66 1
36 67 1
36 68 1
36 69 1
36 70 1
36 71 1
36 72 1
36 73 1
36 74 1
36 75 1
36 76 1
36 77 1
36 78 1
36 79 1
36 80 1
36 81 1
36 82 1
36 83 1
36 84 1
36 85 1
36 86 1
36 87 1
36 88 1
36 89 1
36 90 1
36 91 1
36 92 1
36 93 1
36 94 1
36 95 1
36 96 1
36 97 1
36 98 1
36 99 1
36 100 1
36 101 1
36 102 1
36 103 1
36 104 1
36 105 1
36 106 1
36 107 1
36 108 1
36 109 1
36 110 1
36 111 1
36 112 1
36 113 1
36 114 1
36 115 1
36 116 1
36 117 1
36 118 1
36 119 1
36 120 1
37 1 1
37 2 1
37 3 1
37 4 1
37 5 1
37 6 1
37 7 1
37 8 1
37 9 1
37 10 1
37 11 1
37 12 1
37 13 1
37 14 1
37 15 1
37 16 1
37 17 1
37 18 1
37 19 1
37 20 1
37 21 1
37 22 1
37 23 1
37 24 1
37 25 1
37 26 1
37 27 1
37 28 1
37 29 1
37 30 1
37 31 1
37 32 1
37 33 1
37 34 1
37 35 1
37 36 1
37 37 1
37 38 1
37 39 1
37 40 1
37 41 1
37 42 1
37 43 1
37 44 1
37 45 1
37 46 1
37 47 1
37 48 1
37 49 1
37 50 1
37 51 1
37 52 1
37 53 1
37 54 1
37 55 1
37 56 1
37 57 1
37 58 1
37 59 1
37 60 1
37 61 1
37 62 1
37 63 1
37 64 1
37 65 1
37 66 1
37 67 1
37 68 1
37 69 1
37 70 1
37 71 1
37 72 1
37 73 1
37 74 1
37 75 1
37 76 1
37 77 1
37 78 1
37 79 1
37 80 1
37 81 1
37 82 1
37 83 1
37 84 1
37 85 1
37 86 1
37 87 1
37 88 1
37 89 1
37 90 1
37 91 1
37 92 1
37 93 1
37 94 1
37 95 1
37 96 1
37 97 1
37 98 1
37 99 1
37 100 1
37 101 1
37 102 1
37 103 1
37 104 1
37 105 1
37 106 1
37 107 1
37 108 1
37 109 1
37 110 1
37 111 1
37 112 1
37 113 1
37 114 1
37 115 1
37 116 1
37 117 1
37 118 1
37 119 1
37 120 1
38 1 1
38 2 1
38 3 1
38 4 1
38 5 1
38 6 1
38 7 1
38 8 1
38 9 1
38 10 1
38 11 1
38 12 1
38 13 1
38 14 1
38 15 1
38 16 1
38 17 1
38 18 1
38 19 1
38 20 1
38 21 1
38 22 1
38 23 1
38 24 1
38 25 1
38 26 1
38 27 1
38 28 1
38 29 1
38 30 1
38 31 1
38 32 1
38 33 1
38 34 1
38 35 1
38 36 1
38 37 1
38 38 1
38 39 1
38 40 1
38 41 1
38 42 1
38 43 1
38 44 1
38 45 1
38 46 1
38 47 1
38 48 1
38 49 1
38 50 1
38 51 1
38 52 1
38 53 1
38 54 1
38 55 1
38 56 1
38 57 1
38 58 1
38 59 1
38 60 1
38 61 1
38 62 1
38 63 1
38 64 1
38 65 1
38 66 1
38 67 1
38 68 1
38 69 1
38 70 1
38 71 1
38 72 1
38 73 1
38 74 1
38 75 1
38 76 1
38 77 1
38 78 1
38 79 1
38 80 1
38 81 1
38 82 1
38 83 1
38 84 1
38 85 1
38 86 1
38 87 1
38 88 1
38 89 1
38 90 1
38 91 1
38 92 1
38 93 1
38 94 1
38 95 1
38 96 1
38 97 1
38 98 1
38 99 1
38 100 1
38 101 1
38 102 1
38 103 1
38 104 1
38 105 1
38 106 1
38 107 1
38 108 1
38 109 1
38 110 1
38 111 1
38 112 1
38 113 1
38 114 1
38 115 1
38 116 1
38 117 1
38 118 1
38 119 1
38 120 1
39 1 1
39 2 1
39 3 1
39 4 1
39 5 1
39 6 1
39 7 1
39 8 1
39 9 1
39 10 1
39 11 1
39 12 1
39 13 1
39 14 1
39 15 1
39 16 1
39 17 1
39 18 1
39 19 1
39 20 1
39 21 1
39 22 1
39 23 1
39 24 1
39 25 1
39 26 1
39 27 1
39 28 1
39 29 1
39 30 1
39 31 1
39 32 1
39 33 1
39 34 1
39 35 1
39 36 1
39 37 1
39 38 1
39 39 1
39 40 1
39 41 1
39 42 1
39 43 1
39 44 1
39 45 1
39 46 1
39 47 1
39 48 1
39 49 1
39 50 1
39 51 1
39 52 1
39 53 1
39 54 1
39 55 1
39 56 1
39 57 1
39 58 1
39 59 1
39 60 1
39 61 1
39 62 1
39 63 1
39 64 1
39 65 1
39 66 1
39 67 1
39 68 1
39 69 1
39 70 1
39 71 1
39 72 1
39 73 1
39 74 1
39 75 1
39 76 1
39 77 1
39 78 1
39 79 1
39 80 1
39 81 1
39 82 1
39 83 1
39 84 1
39 85 1
39 86 1
39 87 1
39 88 1
39 89 1
39 90 1
39 91 1
39 92 1
39 93 1
39 94 1
39 95 1
39 96 1
39 97 1
39 98 1
39 99 1
39 100 1
39 101 1
39 102 1
39 103 1
39 104 1
39 105 1
39 106 1
39 107 1
39 108 1
39 109 1
39 110 1
39 111 1
39 112 1
39 113 1
39 114 1
39 115 1
39 116 1
39 117 1
39 118 1
39 119 1
39 120 1
40 1 1
40 2 1
40 3 1
40 4 1
40 5 1
40 6 1
40 7 1
40 8 1
40 9 1
40 10 1
40 11 1
40 12 1
40 13 1
40 14 1
40 15 1
40 16 1
40 17 1
40 18 1
40 19 1
40 20 1
40 21 1
40 22 1
40 23 1
40 24 1
40 25 1
40 26 1
40 27 1
40 28 1
40 29 1
40 30 1
40 31 1
40 32 1
40 33 1
40 34 1
40 35 1
40 36 1
40 37 1
40 38 1
40 39 1
40 40 1
40 41 1
40 42 1
40 43 1
40 44 1
40 45 1
40 46 1
40 47 1
40 48 1
40 49 1
40 50 1
40 51 1
40 52 1
40 53 1
40 54 1
40 55 1
40 56 1
40 57 1
40 58 1
40 59 1
40 60 1
40 61 1
40 62 1
40 63 1
40 64 1
40 65 1
40 66 1
40 67 1
40 68 1
40 69 1
40 70 1
40 71 1
40 72 1
40 73 1
40 74 1
40 75 1
40 76 1
40 77 1
40 78 1
40 79 1
40 80 1
40 81 1
40 82 1
40 83 1
40 84 1
40 85 1
40 86 1
40 87 1
40 88 1
40 89 1
40 90 1
40 91 1
40 92 1
40 93 1
40 94 1
40 95 1
40 96 1
40 97 1
40 98 1
40 99 1
40 100 1
40 101 1
40 102 1
40 103 1
40 104 1
40 105 1
40 106 1
40 107 1
40 108 1
40 109 1
40 110 1
40 111 1
40 112 1
40 113 1
40 114 1
40 115 1
40 116 1
40 117 1
40 118 1
40 119 1
40 120 1
41 1 1
41 2 1
41 3 1
41 4 1
41 5 1
41 6 1
41 7 1
41 8 1
41 9 1
41 10 1
41 11 1
41 12 1
41 13 1
41 14 1
41 15 1
41 16 1
41 17 1
41 18 1
41 19 1
41 20 1
41 21 1
41 22 1
41 23 1
41 24 1
41 25 1
41 26 1
41 27 1
41 28 1
41 29 1
41 30 1
41 31 1
41 32 1
41 33 1
41 34 1
41 35 1
41 36 1
41 37 1
41 38 1
41 39 1
41 40 1
41 41 1
41 42 1
41 43 1
41 44 1
41 45 1
41 46 1
41 47 1
41 48 1
41 49 1
41 50 1
41 51 1
41 52 1
41 53 1
41 54 1
41 55 1
41 56 1
41 57 1
41 58 1
41 59 1
41 60 1
41 61 1
41 62 1
41 63 1
41 64 1
41 65 1
41 66 1
41 67 1
41 68 1
41 69 1
41 70 1
41 71 1
41 72 1
41 73 1
41 74 1
41 75 1
41 76 1
41 77 1
41 78 1
41 79 1
41 80 1
41 81 1
41 82 1
41 83 1
41 84 1
41 85 1
41 86 1
41 87 1
41 88 1
41 89 1
41 90 1
41 91 1
41 92 1
41 93 1
41 94 1
41 95 1
41 96 1
41 97 1
41 98 1
41 99 1
41 100 1
41 101 1
41 102 1
41 103 1
41 104 1
41 105 1
41 106 1
41 107 1
41 108 1
41 109 1
41 110 1
41 111 1
41 112 1
41 113 1
41 114 1
41 115 1
41 116 1
41 117 1
41 118 1
41 119 1
41 120 1
42 1 1
42 2 1
42 3 1
42 4 1
42 5 1
42 6 1
42 7 1
42 8 1
42 9 1
42 10 1
42 11 1
42 12 1
42 13 1
42 14 1
42 15 1
42 16 1
42 17 1
42 18 1
42 19 1
42 20 1
42 21 1
42 22 1
42 23 1
42 24 1
42 25 1
42 26 1
42 27 1
42 28 1
42 29 1
42 30 1
42 31 1
42 32 1
42 33 1
42 34 1
42 35 1
42 36 1
42 37 1
42 38 1
42 39 1
42 40 1
42 41 1
42 42 1
42 43 1
42 44 1
42 45 1
42 46 1
42 47 1
42 48 1
42 49 1
42 50 1
42 51 1
42 52 1
42 53 1
42 54 1
42 55 1
42 56 1
42 57 1
42 58 1
42 59 1
42 60 1
42 61 1
42 62 1
42 63 1
42 64 1
42 65 1
42 66 1
42 67 1
42 68 1
42 69 1
42 70 1
42 71 1
42 72 1
42 73 1
42 74 1
42 75 1
42 76 1
42 77 1
42 78 1
42 79 1
42 80 1
42 81 1
42 82 1
42 83 1
42 84 1
42 85 1
42 86 1
42 87 1
42 88 1
42 89 1
42 90 1
42 91 1
42 92 1
42 93 1
42 94 1
42 95 1
42 96 1
42 97 1
42 98 1
42 99 1
42 100 1
42 101 1
42 102 1
42 103 1
42 104 1
42 105 1
42 106 1
42 107 1
42 108 1
42 109 1
42 110 1
42 111 1
42 112 1
42 113 1
42 114 1
42 115 1
42 116 1
42 117 1
42 118 1
42 119 1
42 120 1
43 1 1
43 2 1
43 3 1
43 4 1
43 5 1
43 6 1
43 7 1
43 8 1
43 9 1
43 10 1
43 11 1
43 12 1
43 13 1
43 14 1
43 15 1
43 16 1
43 17 1
43 18 1
43 19 1
43 20 1
43 21 1
43 22 1
43 23 1
43 24 1
43 25 1
43 26 1
43 27 1
43 28 1
43 29 1
43 30 1
43 31 1
43 32 1
43 33 1
43 34 1
43 35 1
43 36 1
43 37 1
43 38 1
43 39 1
43 40 1
43 41 1
43 42 1
43 43 1
43 44 1
43 45 1
43 46 1
43 47 1
43 48 1
43 49 1
43 50 1
43 51 1
43 52 1
43 53 1
43 54 1
43 55 1
43 56 1
43 57 1
43 58 1
43 59 1
43 60 1
43 61 1
43 62 1
43 63 1
43 64 1
43 65 1
43 66 1
43 67 1
43 68 1
43 69 1
43 70 1
43 71 1
43 72 1
43 73 1
43 74 1
43 75 1
43 76 1
43 77 1
43 78 1
43 79 1
43 80 1
43 81 1
43 82 1
43 83 1
43 84 1
43 85 1
43 86 1
43 87 1
43 88 1
43 89 1
43 90 1
43 91 1
43 92 1
43 93 1
43 94 1
43 95 1
43 96 1
43 97 1
43 98 1
43 99 1
43 100 1
43 101 1
43 102 1
43 103 1
43 104 1
43 105 1
43 106 1
43 107 1
43 108 1
43 109 1
43 110 1
43 111 1
43 112 1
43 113 1
43 114 1
43 115 1
43 116 1
43 117 1
43 118 1
43 119 1
43 120 1
44 1 1
44 2 1
44 3 1
44 4 1
44 5 1
44 6 1
44 7 1
44 8 1
44 9 1
44 10 1
44 11 1
44 12 1
44 13 1
44 14 1
44 15 1
44 16 1
44 17 1
44 18 1
44 19 1
44 20 1
44 21 1
44 22 1
44 23 1
44 24 1
44 25 1
44 26 1
44 27 1
44 28 1
44 29 1
44 30 1
44 31 1
44 32 1
44 33 1
44 34 1
44 35 1
44 36 1
44 37 1
44 38 1
44 39 1
44 40 1
44 41 1
44 42 1
44 43 1
44 44 1
44 45 1
44 46 1
44 47 1
44 48 1
44 49 1
44 50 1
44 51 1
44 52 1
44 53 1
44 54 1
44 55 1
44 56 1
44 57 1
44 58 1
44 59 1
44 60 1
44 61 1
44 62 1
44 63 1
44 64 1
44 65 1
44 66 1
44 67 1
44 68 1
44 69 1
44 70 1
44 71 1
44 72 1
44 73 1
44 74 1
44 75 1
44 76 1
44 77 1
44 78 1
44 79 1
44 80 1
44 81 1
44 82 1
44 83 1
44 84 1
44 85 1
44 86 1
44 87 1
44 88 1
44 89 1
44 90 1
44 91 1
44 92 1
44 93 1
44 94 1
44 95 1
44 96 1
44 97 1
44 98 1
44 99 1
44 100 1
44 101 1
44 102 1
44 103 1
44 104 1
44 105 1
44 106 1
44 107 1
44 108 1
44 109 1
44 110 1
44 111 1
44 112 1
44 113 1
44 114 1
44 115 1
44 116 1
44 117 1
44 118 1
44 119 1
44 120 1
45 1 1
45 2 1
45 3 1
45 4 1
45 5 1
45 6 1
45 7 1
45 8 1
45 9 1
45 10 1
45 11 1
45 12 1
45 13 1
45 14 1
45 15 1
45 16 1
45 17 1
45 18 1
45 19 1
45 20 1
45 21 1
45 22 1
45 23 1
45 24 1
45 25 1
45 26 1
45 27 1
45 28 1
45 29 1
45 30 1
45 31 1
45 32 1
45 33 1
45 34 1
45 35 1
45 36 1
45 37 1
45 38 1
45 39 1
45 40 1
45 41 1
45 42 1
45 43 1
45 44 1
45 45 1
45 46 1
45 47 1
45 48 1
45 49 1
45 50 1
45 51 1
45 52 1
45 53 1
45 54 1
45 55 1
45 56 1
45 57 1
45 58 1
45 59 1
45 60 1
45 61 1
45 62 1
45 63 1
45 64 1
45 65 1
45 66 1
45 67 1
45 68 1
45 69 1
45 70 1
45 71 1
45 72 1
45 73 1
45 74 1
45 75 1
45 76 1
45 77 1
45 78 1
45 79 1
45 80 1
45 81 1
45 82 1
45 83 1
45 84 1
45 85 1
45 86 1
45 87 1
45 88 1
45 89 1
45 90 1
45 91 1
45 92 1
45 93 1
45 94 1
45 95 1
45 96 1
45 97 1
45 98 1
45 99 1
45 100 1
45 101 1
45 102 1
45 103 1
45 104 1
45 105 1
45 106 1
45 107 1
45 108 1
45 109 1
45 110 1
45 111 1
45 112 1
45 113 1
45 114 1
45 115 1
45 116 1
45 117 1
45 118 1
45 119 1
45 120 1
46 1 1
46 2 1
46 3 1
46 4 1
46 5 1
46 6 1
46 7 1
46 8 1
46 9 1
46 10 1
46 11 1
46 12 1
46 13 1
46 14 1
46 15 1
46 16 1
46 17 1
46 18 1
46 19 1
46 20 1
46 21 1
46 22 1
46 23 1
46 24 1
46 25 1
46 26 1
46 27 1
46 28 1
46 29 1
46 30 1
46 31 1
46 32 1
46 33 1
46 34 1
46 35 1
46 36 1
46 37 1
46 38 1
46 39 1
46 40 1
46 41 1
46 42 1
46 43 1
46 44 1
46 45 1
46 46 1
46 47 1
46 48 1
46 49 1
46 50 1
46 51 1
46 52 1
46 53 1
46 54 1
46 55 1
46 56 1
46 57 1
46 58 1
46 59 1
46 60 1
46 61 1
46 62 1
46 63 1
46 64 1
46 65 1
46 66 1
46 67 1
46 68 1
46 69 1
46 70 1
46 71 1
46 72 1
46 73 1
46 74 1
46 75 1
46 76 1
46 77 1
46 78 1
46 79 1
46 80 1
46 81 1
46 82 1
46 83 1
46 84 1
46 85 1
46 86 1
46 87 1
46 88 1
46 89 1
46 90 1
46 91 1
46 92 1
46 93 1
46 94 1
46 95 1
46 96 1
46 97 1
46 98 1
46 99 1
46 100 1
46 101 1
46 102 1
46 103 1
46 104 1
46 105 1
46 106 1
46 107 1
46 108 1
46 109 1
46 110 1
46 111 1
46 112 1
46 113 1
46 114 1
46 115 1
46 116 1
46 117 1
46 118 1
46 119 1
46 120 1
47 1 1
47 2 1
47 3 1
47 4 1
47 5 1
47 6 1
47 7 1
47 8 1
47 9 1
47 10 1
47 11 1
47 12 1
47 13 1
47 14 1
47 15 1
47 16 1
47 17 1
47 18 1
47 19 1
47 20 1
47 21 1
47 22 1
47 23 1
47 24 1
47 25 1
47 26 1
47 27 1
47 28 1
47 29 1
47 30 1
47 31 1
47 32 1
47 33 1
47 34 1
47 35 1
47 36 1
47 37 1
47 38 1
47 39 1
47 40 1
47 41 1
47 42 1
47 43 1
47 44 1
47 45 1
47 46 1
47 47 1
47 48 1
47 49 1
47 50 1
47 51 1
47 52 1
47 53 1
47 54 1
47 55 1
47 56 1
47 57 1
47 58 1
47 59 1
47 60 1
47 61 1
47 62 1
47 63 1
47 64 1
47 65 1
47 66 1
47 67 1
47 68 1
47 69 1
47 70 1
47 71 1
47 72 1
47 73 1
47 74 1
47 75 1
47 76 1
47 77 1
47 78 1
47 79 1
47 80 1
47 81 1
47 82 1
47 83 1
47 84 1
47 85 1
47 86 1
47 87 1
47 88 1
47 89 1
47 90 1
47 91 1
47 92 1
47 93 1
47 94 1
47 95 1
47 96 1
47 97 1
47 98 1
47 99 1
47 100 1
47 101 1
47 102 1
47 103 1
47 104 1
47 105 1
47 106 1
47 107 1
47 108 1
47 109 1
47 110 1
47 111 1
47 112 1
47 113 1
47 114 1
47 115 1
47 116 1
47 117 1
47 118 1
47 119 1
47 120 1
48 1 1
48 2 1
48 3 1
48 4 1
48 5 1
48 6 1
48 7 1
48 8 1
48 9 1
48 10 1
48 11 1
48 12 1
48 13 1
48 14 1
48 15 1
48 16 1
48 17 1
48 18 1
48 19 1
48 20 1
48 21 1
48 22 1
48 23 1
48 24 1
48 25 1
48 26 1
48 27 1
48 28 1
48 29 1
48 30 1
48 31 1
48 32 1
48 33 1
48 34 1
48 35 1
48 36 1
48 37 1
48 38 1
48 39 1
48 40 1
48 41 1
48 42 1
48 43 1
48 44 1
48 45 1
48 46 1
48 47 1
48 48 1
48 49 1
48 50 1
48 51 1
48 52 1
48 53 1
48 54 1
48 55 1
48 56 1
48 57 1
48 58 1
48 59 1
48 60 1
48 61 1
48 62 1
48 63 1
48 64 1
48 65 1
48 66 1
48 67 1
48 68 1
48 69 1
48 70 1
48 71 1
48 72 1
48 73 1
48 74 1
48 75 1
48 76 1
48 77 1
48 78 1
48 79 1
48 80 1
48 81 1
48 82 1
48 83 1
48 84 1
48 85 1
48 86 1
48 87 1
48 88 1
48 89 1
48 90 1
48 91 1
48 92 1
48 93 1
48 94 1
48 95 1
48 96 1
48 97 1
48 98 1
48 99 1
48 100 1
48 101 1
48 102 1
48 103 1
48 104 1
48 105 1
48 106 1
48 107 1
48 108 1
48 109 1
48 110 1
48 111 1
48 112 1
48 113 1
48 114 1
48 115 1
48 116 1
48 117 1
48 118 1
48 119 1
48 120 1
49 1 1
49 2 1
49 3 1
49 4 1
49 5 1
49 6 1
49 7 1
49 8 1
49 9 1
49 10 1
49 11 1
49 12 1
49 13 1
49 14 1
49 15 1
49 16 1
49 17 1
49 18 1
49 19 1
49 20 1
49 21 1
49 22 1
49 23 1
49 24 1
49 25 1
49 26 1
49 27 1
49 28 1
49 29 1
49 30 1
49 31 1
49 32 1
49 33 1
49 34 1
49 35 1
49 36 1
49 37 1
49 38 1
49 39 1
49 40 1
49 41 1
49 42 1
49 43 1
49 44 1
49 45 1
49 46 1
49 47 1
49 48 1
49 49 1
49 50 1
49 51 1
49 52 1
49 53 1
49 54 1
49 55 1
49 56 1
49 57 1
49 58 1
49 59 1
49 60 1
49 61 1
49 62 1
49 63 1
49 64 1
49 65 1
49 66 1
49 67 1
49 68 1
49 69 1
49 70 1
49 71 1
49 72 1
49 73 1
49 74 1
49 75 1
49 76 1
49 77 1
49 78 1
49 79 1
49 80 1
49 81 1
49 82 1
49 83 1
49 84 1
49 85 1
49 86 1
49 87 1
49 88 1
49 89 1
49 90 1
49 91 1
49 92 1
49 93 1
49 94 1
49 95 1
49 96 1
49 97 1
49 98 1
49 99 1
49 100 1
49 101 1
49 102 1
49 103 1
49 104 1
49 105 1
49 106 1
49 107 1
49 108 1
49 109 1
49 110 1
49 111 1
49 112 1
49 113 1
49 114 1
49 115 1
49 116 1
49 117 1
49 118 1
49 119 1
49 120 1
50 1 1
50 2 1
50 3 1
50 4 1
50 5 1
50 6 1
50 7 1
50 8 1
50 9 1
50 10 1
50 11 1
50 12 1
50 13 1
50 14 1
50 15 1
50 16 1
50 17 1
50 18 1
50 19 1
50 20 1
50 21 1
50 22 1
50 23 1
50 24 1
50 25 1
50 26 1
50 27 1
50 28 1
50 29 1
50 30 1
50 31 1
50 32 1
50 33 1
50 34 1
50 35 1
50 36 1
50 37 1
50 38 1
50 39 1
50 40 1
50 41 1
50 42 1
50 43 1
50 44 1
50 45 1
50 46 1
50 47 1
50 48 1
50 49 1
50 50 1
50 51 1
50 52 1
50 53 1
50 54 1
50 55 1
50 56 1
50 57 1
50 58 1
50 59 1
50 60 1
50 61 1
50 62 1
50 63 1
50 64 1
50 65 1
50 66 1
50 67 1
50 68 1
50 69 1
50 70 1
50 71 1
50 72 1
50 73 1
50 74 1
50 75 1
50 76 1
50 77 1
50 78 1
50 79 1
50 80 1
50 81 1
50 82 1
50 83 1
50 84 1
50 85 1
50 86 1
50 87 1
50 88 1
50 89 1
50 90 1
50 91 1
50 92 1
50 93 1
50 94 1
50 95 1
50 96 1
50 97 1
50 98 1
50 99 1
50 100 1
50 101 1
50 102 1
50 103 1
50 104 1
50 105 1
50 106 1
50 107 1
50 108 1
50 109 1
50 110 1
50 111 1
50 112 1
50 113 1
50 114 1
50 115 1
50 116 1
50 117 1
50 118 1
50 119 1
50 120 1
51 1 1
51 2 1
51 3 1
51 4 1
51 5 1
51 6 1
51 7 1
51 8 1
51 9 1
51 10 1
51 11 1
51 12 1
51 13 1
51 14 1
51 15 1
51 16 1
51 17 1
51 18 1
51 19 1
51 20 1
51 21 1
51 22 1
51 23 1
51 24 1
51 25 1
51 26 1
51 27 1
51 28 1
51 29 1
51 30 1
51 31 1
51 32 1
51 33 1
51 34 1
51 35 1
51 36 1
51 37 1
51 38 1
51 39 1
51 40 1
51 41 1
51 42 1
51 43 1
51 44 1
51 45 1
51 46 1
51 47 1
51 48 1
51 49 1
51 50 1
51 51 1
51 52 1
51 53 1
51 54 1
51 55 1
51 56 1
51 57 1
51 58 1
51 59 1
51 60 1
51 61 1
51 62 1
51 63 1
51 64 1
51 65 1
51 66 1
51 67 1
51 68 1
51 69 1
51 70 1
51 71 1
51 72 1
51 73 1
51 74 1
51 75 1
51 76 1
51 77 1
51 78 1
51 79 1
51 80 1
51 81 1
51 82 1
51 83 1
51 84 1
51 85 1
51 86 1
51 87 1
51 88 1
51 89 1
51 90 1
51 91 1
51 92 1
51 93 1
51 94 1
51 95 1
51 96 1
51 97 1
51 98 1
51 99 1
51 100 1
51 101 1
51 102 1
51 103 1
51 104 1
51 105 1
51 106 1
51 107 1
51 108 1
51 109 1
51 110 1
51 111 1
51 112 1
51 113 1
51 114 1
51 115 1
51 116 1
51 117 1
51 118 1
51 119 1
51 120 1
52 1 1
52 2 1
52 3 1
52 4 1
52 5 1
52 6 1
52 7 1
52 8 1
52 9 1
52 10 1
52 11 1
52 12 1
52 13 1
52 14 1
52 15 1
52 16 1
52 17 1
52 18 1
52 19 1
52 20 1
52 21 1
52 22 1
52 23 1
52 24 1
52 25 1
52 26 1
52 27 1
52 28 1
52 29 1
52 30 1
52 31 1
52 32 1
52 33 1
52 34 1
52 35 1
52 36 1
52 37 1
52 38 1
52 39 1
52 40 1
52 41 1
52 42 1
52 43 1
52 44 1
52 45 1
52 46 1
52 47 1
52 48 1
52 49 1
52 50 1
52 51 1
52 52 1
52 53 1
52 54 1
52 55 1
52 56 1
52 57 1
52 58 1
52 59 1
52 60 1
52 61 1
52 62 1
52 63 1
52 64 1
52 65 1
52 66 1
52 67 1
52 68 1
52 69 1
52 70 1
52 71 1
52 72 1
52 73 1
52 74 1
52 75 1
52 76 1
52 77 1
52 78 1
52 79 1
52 80 1
52 81 1
52 82 1
52 83 1
52 84 1
52 85 1
52 86 1
52 87 1
52 88 1
52 89 1
52 90 1
52 91 1
52 92 1
52 93 1
52 94 1
52 95 1
52 96 1
52 97 1
52 98 1
52 99 1
52 100 1
52 101 1
52 102 1
52 103 1
52 104 1
52 105 1
52 106 1
52 107 1
52 108 1
52 109 1
52 110 1
52 111 1
52 112 1
52 113 1
52 114 1
52 115 1
52 116 1
52 117 1
52 118 1
52 119 1
52 120 1
53 1 1
53 2 1
53 3 1
53 4 1
53 5 1
53 6 1
53 7 1
53 8 1
53 9 1
53 10 1
53 11 1
53 12 1
53 13 1
53 14 1
53 15 1
53 16 1
53 17 1
53 18 1
53 19 1
53 20 1
53 21 1
53 22 1
53 23 1
53 24 1
53 25 1
53 26 1
53 27 1
53 28 1
53 29 1
53 30 1
53 31 1
53 32 1
53 33 1
53 34 1
53 35 1
53 36 1
53 37 1
53 38 1
53 39 1
53 40 1
53 41 1
53 42 1
53 43 1
53 44 1
53 45 1
53 46 1
53 47 1
53 48 1
53 49 1
53 50 1
53 51 1
53 52 1
53 53 1
53 54 1
53 55 1
53 56 1
53 57 1
53 58 1
53 59 1
53 60 1
53 61 1
53 62 1
53 63 1
53 64 1
53 65 1
53 66 1
53 67 1
53 68 1
53 69 1
53 70 1
53 71 1
53 72 1
53 73 1
53 74 1
53 75 1
53 76 1
53 77 1
53 78 1
53 79 1
53 80 1
53 81 1
53 82 1
53 83 1
53 84 1
53 85 1
53 86 1
53 87 1
53 88 1
53 89 1
53 90 1
53 91 1
53 92 1
53 93 1
53 94 1
53 95 1
53 96 1
53 97 1
53 98 1
53 99 1
53 100 1
53 101 1
53 102 1
53 103 1
53 104 1
53 105 1
53 106 1
53 107 1
53 108 1
53 109 1
53 110 1
53 111 1
53 112 1
53 113 1
53 114 1
53 115 1
53 116 1
53 117 1
53 118 1
53 119 1
53 120 1
54 1 1
54 2 1
54 3 1
54 4 1
54 5 1
54 6 1
54 7 1
54 8 1
54 9 1
54 10 1
54 11 1
54 12 1
54 13 1
54 14 1
54 15 1
54 16 1
54 17 1
54 18 1
54 19 1
54 20 1
54 21 1
54 22 1
54 23 1
54 24 1
54 25 1
54 26 1
54 27 1
54 28 1
54 29 1
54 30 1
54 31 1
54 32 1
54 33 1
54 34 1
54 35 1
54 36 1
54 37 1
54 38 1
54 39 1
54 40 1
54 41 1
54 42 1
54 43 1
54 44 1
54 45 1
54 46 1
54 47 1
54 48 1
54 49 1
54 50 1
54 51 1
54 52 1
54 53 1
54 54 1
54 55 1
54 56 1
54 57 1
54 58 1
54 59 1
54 60 1
54 61 1
54 62 1
54 63 1
54 64 1
54 65 1
54 66 1
54 67 1
54 68 1
54 69 1
54 70 1
54 71 1
54 72 1
54 73 1
54 74 1
54 75 1
54 76 1
54 77 1
54 78 1
54 79 1
54 80 1
54 81 1
54 82 1
54 83 1
54 84 1
54 85 1
54 86 1
54 87 1
54 88 1
54 89 1
54 90 1
54 91 1
54 92 1
54 93 1
54 94 1
54 95 1
54 96 1
54 97 1
54 98 1
54 99 1
54 100 1
54 101 1
54 102 1
54 103 1
54 104 1
54 105 1
54 106 1
54 107 1
54 108 1
54 109 1
54 110 1
54 111 1
54 112 1
54 113 1
54 114 1
54 115 1
54 116 1
54 117 1
54 118 1
54 119 1
54 120 1
55 1 1
55 2 1
55 3 1
55 4 1
55 5 1
55 6 1
55 7 1
55 8 1
55 9 1
55 10 1
55 11 1
55 12 1
55 13 1
55 14 1
55 15 1
55 16 1
55 17 1
55 18 1
55 19 1
55 20 1
55 21 1
55 22 1
55 23 1
55 24 1
55 25 1
55 26 1
55 27 1
55 28 1
55 29 1
55 30 1
55 31 1
55 32 1
55 33 1
55 34 1
55 35 1
55 36 1
55 37 1
55 38 1
55 39 1
55 40 1
55 41 1
55 42 1
55 43 1
55 44 1
55 45 1
55 46 1
55 47 1
55 48 1
55 49 1
55 50 1
55 51 1
55 52 1
55 53 1
55 54 1
55 55 1
55 56 1
55 57 1
55 58 1
55 59 1
55 60 1
55 61 1
55 62 1
55 63 1
55 64 1
55 65 1
55 66 1
55 67 1
55 68 1
55 69 1
55 70 1
55 71 1
55 72 1
55 73 1
55 74 1
55 75 1
55 76 1
55 77 1
55 78 1
55 79 1
55 80 1
55 81 1
55 82 1
55 83 1
55 84 1
55 85 1
55 86 1
55 87 1
55 88 1
55 89 1
55 90 1
55 91 1
55 92 1
55 93 1
55 94 1
55 95 1
55 96 1
55 97 1
55 98 1
55 99 1
55 100 1
55 101 1
55 102 1
55 103 1
55 104 1
55 105 1
55 106 1
55 107 1
55 108 1
55 109 1
55 110 1
55 111 1
55 112 1
55 113 1
55 114 1
55 115 1
55 116 1
55 117 1
55 118 1
55 119 1
55 120 1
56 1 1
56 2 1
56 3 1
56 4 1
56 5 1
56 6 1
56 7 1
56 8 1
56 9 1
56 10 1
56 11 1
56 12 1
56 13 1
56 14 1
56 15 1
56 16 1
56 17 1
56 18 1
56 19 1
56 20 1
56 21 1
56 22 1
56 23 1
56 24 1
56 25 1
56 26 1
56 27 1
56 28 1
56 29 1
56 30 1
56 31 1
56 32 1
56 33 1
56 34 1
56 35 1
56 36 1
56 37 1
56 38 1
56 39 1
56 40 1
56 41 1
56 42 1
56 43 1
56 44 1
56 45 1
56 46 1
56 47 1
56 48 1
56 49 1
56 50 1
56 51 1
56 52 1
56 53 1
56 54 1
56 55 1
56 56 1
56 57 1
56 58 1
56 59 1
56 60 1
56 61 1
56 62 1
56 63 1
56 64 1
56 65 1
56 66 1
56 67 1
56 68 1
56 69 1
56 70 1
56 71 1
56 72 1
56 73 1
56 74 1
56 75 1
56 76 1
56 77 1
56 78 1
56 79 1
56 80 1
56 81 1
56 82 1
56 83 1
56 84 1
56 85 1
56 86 1
56 87 1
56 88 1
56 89 1
56 90 1
56 91 1
56 92 1
56 93 1
56 94 1
56 95 1
56 96 1
56 97 1
56 98 1
56 99 1
56 100 1
56 101 1
56 102 1
56 103 1
56 104 1
56 105 1
56 106 1
56 107 1
56 108 1
56 109 1
56 110 1
56 111 1
56 112 1
56 113 1
56 114 1
56 115 1
56 116 1
56 117 1
56 118 1
56 119 1
56 120 1
57 1 1
57 2 1
57 3 1
57 4 1
57 5 1
57 6 1
57 7 1
57 8 1
57 9 1
57 10 1
57 11 1
57 12 1
57 13 1
57 14 1
57 15 1
57 16 1
57 17 1
57 18 1
57 19 1
57 20 1
57 21 1
57 22 1
57 23 1
57 24 1
57 25 1
57 26 1
57 27 1
57 28 1
57 29 1
57 30 1
57 31 1
57 32 1
57 33 1
57 34 1
57 35 1
57 36 1
57 37 1
57 38 1
57 39 1
57 40 1
57 41 1
57 42 1
57 43 1
57 44 1
57 45 1
57 46 1
57 47 1
57 48 1
57 49 1
57 50 1
57 51 1
57 52 1
57 53 1
57 54 1
57 55 1
57 56 1
57 57 1
57 58 1
57 59 1
57 60 1
57 61 1
57 62 1
57 63 1
57 64 1
57 65 1
57 66 1
57 67 1
57 68 1
57 69 1
57 70 1
57 71 1
57 72 1
57 73 1
57 74 1
57 75 1
57 76 1
57 77 1
57 78 1
57 79 1
57 80 1
57 81 1
57 82 1
57 83 1
57 84 1
57 85 1
57 86 1
57 87 1
57 88 1
57 89 1
57 90 1
57 91 1
57 92 1
57 93 1
57 94 1
57 95 1
57 96 1
57 97 1
57 98 1
57 99 1
57 100 1
57 101 1
57 102 1
57 103 1
57 104 1
57 105 1
57 106 1
57 107 1
57 108 1
57 109 1
57 110 1
57 111 1
57 112 1
57 113 1
57 114 1
57 115 1
57 116 1
57 117 1
57 118 1
57 119 1
57 120 1
58 1 1
58 2 1
58 3 1
58 4 1
58 5 1
58 6 1
58 7 1
58 8 1
58 9 1
58 10 1
58 11 1
58 12 1
58 13 1
58 14 1
58 15 1
58 16 1
58 17 1
58 18 1
58 19 1
58 20 1
58 21 1
58 22 1
58 23 1
58 24 1
58 25 1
58 26 1
58 27 1
58 28 1
58 29 1
58 30 1
58 31 1
58 32 1
58 33 1
58 34 1
58 35 1
58 36 1
58 37 1
58 38 1
58 39 1
58 40 1
58 41 1
58 42 1
58 43 1
58 44 1
58 45 1
58 46 1
58 47 1
58 48 1
58 49 1
58 50 1
58 51 1
58 52 1
58 53 1
58 54 1
58 55 1
58 56 1
58 57 1
58 58 1
58 59 1
58 60 1
58 61 1
58 62 1
58 63 1
58 64 1
58 65 1
58 66 1
58 67 1
58 68 1
58 69 1
58 70 1
58 71 1
58 72 1
58 73 1
58 74 1
58 75 1
58 76 1
58 77 1
58 78 1
58 79 1
58 80 1
58 81 1
58 82 1
58 83 1
58 84 1
58 85 1
58 86 1
58 87 1
58 88 1
58 89 1
58 90 1
58 91 1
58 92 1
58 93 1
58 94 1
58 95 1
58 96 1
58 97 1
58 98 1
58 99 1
58 100 1
58 101 1
58 102 1
58 103 1
58 104 1
58 105 1
58 106 1
58 107 1
58 108 1
58 109 1
58 110 1
58 111 1
58 112 1
58 113 1
58 114 1
58 115 1
58 116 1
58 117 1
58 118 1
58 119 1
58 120 1
59 1 1
59 2 1
59 3 1
59 4 1
59 5 1
59 6 1
59 7 1
59 8 1
59 9 1
59 10 1
59 11 1
59 12 1
59 13 1
59 14 1
59 15 1
59 16 1
59 17 1
59 18 1
59 19 1
59 20 1
59 21 1
59 22 1
59 23 1
59 24 1
59 25 1
59 26 1
59 27 1
59 28 1
59 29 1
59 30 1
59 31 1
59 32 1
59 33 1
59 34 1
59 35 1
59 36 1
59 37 1
59 38 1
59 39 1
59 40 1
59 41 1
59 42 1
59 43 1
59 44 1
59 45 1
59 46 1
59 47 1
59 48 1
59 49 1
59 50 1
59 51 1
59 52 1
59 53 1
59 54 1
59 55 1
59 56 1
59 57 1
59 58 1
59 59 1
59 60 1
59 61 1
59 62 1
59 63 1
59 64 1
59 65 1
59 66 1
59 67 1
59 68 1
59 69 1
59 70 1
59 71 1
59 72 1
59 73 1
59 74 1
59 75 1
59 76 1
59 77 1
59 78 1
59 79 1
59 80 1
59 81 1
59 82 1
59 83 1
59 84 1
59 85 1
59 86 1
59 87 1
59 88 1
59 89 1
59 90 1
59 91 1
59 92 1
59 93 1
59 94 1
59 95 1
59 96 1
59 97 1
59 98 1
59 99 1
59 100 1
59 101 1
59 102 1
59 103 1
59 104 1
59 105 1
59 106 1
59 107 1
59 108 1
59 109 1
59 110 1
59 111 1
59 112 1
59 113 1
59 114 1
59 115 1
59 116 1
59 117 1
59 118 1
59 119 1
59 120 1
60 1 1
60 2 1
60 3 1
60 4 1
60 5 1
60 6 1
60 7 1
60 8 1
60 9 1
60 10 1
60 11 1
60 12 1
60 13 1
60 14 1
60 15 1
60 16 1
60 17 1
60 18 1
60 19 1
60 20 1
60 21 1
60 22 1
60 23 1
60 24 1
60 25 1
60 26 1
60 27 1
60 28 1
60 29 1
60 30 1
60 31 1
60 32 1
60 33 1
60 34 1
60 35 1
60 36 1
60 37 1
60 38 1
60 39 1
60 40 1
60 41 1
60 42 1
60 43 1
60 44 1
60 45 1
60 46 1
60 47 1
60 48 1
60 49 1
60 50 1
60 51 1
60 52 1
60 53 1
60 54 1
60 55 1
60 56 1
60 57 1
60 58 1
60 59 1
60 60 1
60 61 1
60 62 1
60 63 1
60 64 1
60 65 1
60 66 1
60 67 1
60 68 1
60 69 1
60 70 1
60 71 1
60 72 1
60 73 1
60 74 1
60 75 1
60 76 1
60 77 1
60 78 1
60 79 1
60 80 1
60 81 1
60 82 1
60 83 1
60 84 1
60 85 1
60 86 1
60 87 1
60 88 1
60 89 1
60 90 1
60 91 1
60 92 1
60 93 1
60 94 1
60 95 1
60 96 1
60 97 1
60 98 1
60 99 1
60 100 1
60 101 1
60 102 1
60 103 1
60 104 1
60 105 1
60 106 1
60 107 1
60 108 1
60 109 1
60 110 1
60 111 1
60 112 1
60 113 1
60 114 1
60 115 1
60 116 1
60 117 1
60 118 1
60 119 1
60 120 1
61 1 1
61 2 1
61 3 1
61 4 1
61 5 1
61 6 1
61 7 1
61 8 1
61 9 1
61 10 1
61 11 1
61 12 1
61 13 1
61 14 1
61 15 1
61 16 1
61 17 1
61 18 1
61 19 1
61 20 1
61 21 1
61 22 1
61 23 1
61 24 1
61 25 1
61 26 1
61 27 1
61 28 1
61 29 1
61 30 1
61 31 1
61 32 1
61 33 1
61 34 1
61 35 1
61 36 1
61 37 1
61 38 1
61 39 1
61 40 1
61 41 1
61 42 1
61 43 1
61 44 1
61 45 1
61 46 1
61 47 1
61 48 1
61 49 1
61 50 1
61 51 1
61 52 1
61 53 1
61 54 1
61 55 1
61 56 1
61 57 1
61 58 1
61 59 1
61 60 1
61 61 1
61 62 1
61 63 1
61 64 1
61 65 1
61 66 1
61 67 1
61 68 1
61 69 1
61 70 1
61 71 1
61 72 1
61 73 1
61 74 1
61 75 1
61 76 1
61 77 1
61 78 1
61 79 1
61 80 1
61 81 1
61 82 1
61 83 1
61 84 1
61 85 1
61 86 1
61 87 1
61 88 1
61 89 1
61 90 1
61 91 1
61 92 1
61 93 1
61 94 1
61 95 1
61 96 1
61 97 1
61 98 1
61 99 1
61 100 1
61 101 1
61 102 1
61 103 1
61 104 1
61 105 1
61 106 1
61 107 1
61 108 1
61 109 1
61 110 1
61 111 1
61 112 1
61 113 1
61 114 1
61 115 1
61 116 1
61 117 1
61 118 1
61 119 1
61 120 1
62 1 1
62 2 1
62 3 1
62 4 1
62 5 1
62 6 1
62 7 1
62 8 1
62 9 1
62 10 1
62 11 1
62 12 1
62 13 1
62 14 1
62 15 1
62 16 1
62 17 1
62 18 1
62 19 1
62 20 1
62 21 1
62 22 1
62 23 1
62 24 1
62 25 1
62 26 1
62 27 1
62 28 1
62 29 1
62 30 1
62 31 1
62 32 1
62 33 1
62 34 1
62 35 1
62 36 1
62 37 1
62 38 1
62 39 1
62 40 1
62 41 1
62 42 1
62 43 1
62 44 1
62 45 1
62 46 1
62 47 1
62 48 1
62 49 1
62 50 1
62 51 1
62 52 1
62 53 1
62 54 1
62 55 1
62 56 1
62 57 1
62 58 1
62 59 1
62 60 1
62 61 1
62 62 1
62 63 1
62 64 1
62 65 1
62 66 1
62 67 1
62 68 1
62 69 1
62 70 1
62 71 1
62 72 1
62 73 1
62 74 1
62 75 1
62 76 1
62 77 1
62 78 1
62 79 1
62 80 1
62 81 1
62 82 1
62 83 1
62 84 1
62 85 1
62 86 1
62 87 1
62 88 1
62 89 1
62 90 1
62 91 1
62 92 1
62 93 1
62 94 1
62 95 1
62 96 1
62 97 1
62 98 1
62 99 1
62 100 1
62 101 1
62 102 1
62 103 1
62 104 1
62 105 1
62 106 1
62 107 1
62 108 1
62 109 1
62 110 1
62 111 1
62 112 1
62 113 1
62 114 1
62 115 1
62 116 1
62 117 1
62 118 1
62 119 1
62 120 1
63 1 1
63 2 1
63 3 1
63 4 1
63 5 1
63 6 1
63 7 1
63 8 1
63 9 1
63 10 1
63 11 1
63 12 1
63 13 1
63 14 1
63 15 1
63 16 1
63 17 1
63 18 1
63 19 1
63 20 1
63 21 1
63 22 1
63 23 1
63 24 1
63 25 1
63 26 1
63 27 1
63 28 1
63 29 1
63 30 1
63 31 1
63 32 1
63 33 1
63 34 1
63 35 1
63 36 1
63 37 1
63 38 1
63 39 1
63 40 1
63 41 1
63 42 1
63 43 1
63 44 1
63 45 1
63 46 1
63 47 1
63 48 1
63 49 1
63 50 1
63 51 1
63 52 1
63 53 1
63 54 1
63 55 1
63 56 1
63 57 1
63 58 1
63 59 1
63 60 1
63 61 1
63 62 1
63 63 1
63 64 1
63 65 1
63 66 1
63 67 1
63 68 1
63 69 1
63 70 1
63 71 1
63 72 1
63 73 1
63 74 1
63 75 1
63 76 1
63 77 1
63 78 1
63 79 1
63 80 1
63 81 1
63 82 1
63 83 1
63 84 1
63 85 1
63 86 1
63 87 1
63 88 1
63 89 1
63 90 1
63 91 1
63 92 1
63 93 1
63 94 1
63 95 1
63 96 1
63 97 1
63 98 1
63 99 1
63 100 1
63 101 1
63 102 1
63 103 1
63 104 1
63 105 1
63 106 1
63 107 1
63 108 1
63 109 1
63 110 1
63 111 1
63 112 1
63 113 1
63 114 1
63 115 1
63 116 1
63 117 1
63 118 1
63 119 1
63 120 1
64 1 1
64 2 1
64 3 1
64 4 1
64 5 1
64 6 1
64 7 1
64 8 1
64 9 1
64 10 1
64 11 1
64 12 1
64 13 1
64 14 1
64 15 1
64 16 1
64 17 1
64 18 1
64 19 1
64 20 1
64 21 1
64 22 1
64 23 1
64 24 1
64 25 1
64 26 1
64 27 1
64 28 1
64 29 1
64 30 1
64 31 1
64 32 1
64 33 1
64 34 1
64 35 1
64 36 1
64 37 1
64 38 1
64 39 1
64 40 1
64 41 1
64 42 1
64 43 1
64 44 1
64 45 1
64 46 1
64 47 1
64 48 1
64 49 1
64 50 1
64 51 1
64 52 1
64 53 1
64 54 1
64 55 1
64 56 1
64 57 1
64 58 1
64 59 1
64 60 1
64 61 1
64 62 1
64 63 1
64 64 1
64 65 1
64 66 1
64 67 1
64 68 1
64 69 1
64 70 1
64 71 1
64 72 1
64 73 1
64 74 1
64 75 1
64 76 1
64 77 1
64 78 1
64 79 1
64 80 1
64 81 1
64 82 1
64 83 1
64 84 1
64 85 1
64 86 1
64 87 1
64 88 1
64 89 1
64 90 1
64 91 1
64 92 1
64 93 1
64 94 1
64 95 1
64 96 1
64 97 1
64 98 1
64 99 1
64 100 1
64 101 1
64 102 1
64 103 1
64 104 1
64 105 1
64 106 1
64 107 1
64 108 1
64 109 1
64 110 1
64 111 1
64 112 1
64 113 1
64 114 1
64 115 1
64 116 1
64 117 1
64 118 1
64 119 1
64 120 1
65 1 1
65 2 1
65 3 1
65 4 1
65 5 1
65 6 1
65 7 1
65 8 1
65 9 1
65 10 1
65 11 1
65 12 1
65 13 1
65 14 1
65 15 1
65 16 1
65 17 1
65 18 1
65 19 1
65 20 1
65 21 1
65 22 1
65 23 1
65 24 1
65 25 1
65 26 1
65 27 1
65 28 1
65 29 1
65 30 1
65 31 1
65 32 1
65 33 1
65 34 1
65 35 1
65 36 1
65 37 1
65 38 1
65 39 1
65 40 1
65 41 1
65 42 1
65 43 1
65 44 1
65 45 1
65 46 1
65 47 1
65 48 1
65 49 1
65 50 1
65 51 1
65 52 1
65 53 1
65 54 1
65 55 1
65 56 1
65 57 1
65 58 1
65 59 1
65 60 1
65 61 1
65 62 1
65 63 1
65 64 1
65 65 1
65 66 1
65 67 1
65 68 1
65 69 1
65 70 1
65 71 1
65 72 1
65 73 1
65 74 1
65 75 1
65 76 1
65 77 1
65 78 1
65 79 1
65 80 1
65 81 1
65 82 1
65 83 1
65 84 1
65 85 1
65 86 1
65 87 1
65 88 1
65 89 1
65 90 1
65 91 1
65 92 1
65 93 1
65 94 1
65 95 1
65 96 1
65 97 1
65 98 1
65 99 1
65 100 1
65 101 1
65 102 1
65 103 1
65 104 1
65 105 1
65 106 1
65 107 1
65 108 1
65 109 1
65 110 1
65 111 1
65 112 1
65 113 1
65 114 1
65 115 1
65 116 1
65 117 1
65 118 1
65 119 1
65 120 1
66 1 1
66 2 1
66 3 1
66 4 1
66 5 1
66 6 1
66 7 1
66 8 1
66 9 1
66 10 1
66 11 1
66 12 1
66 13 1
66 14 1
66 15 1
66 16 1
66 17 1
66 18 1
66 19 1
66 20 1
66 21 1
66 22 1
66 23 1
66 24 1
66 25 1
66 26 1
66 27 1
66 28 1
66 29 1
66 30 1
66 31 1
66 32 1
66 33 1
66 34 1
66 35 1
66 36 1
66 37 1
66 38 1
66 39 1
66 40 1
66 41 1
66 42 1
66 43 1
66 44 1
66 45 1
66 46 1
66 47 1
66 48 1
66 49 1
66 50 1
66 51 1
66 52 1
66 53 1
66 54 1
66 55 1
66 56 1
66 57 1
66 58 1
66 59 1
66 60 1
66 61 1
66 62 1
66 63 1
66 64 1
66 65 1
66 66 1
66 67 1
66 68 1
66 69 1
66 70 1
66 71 1
66 72 1
66 73 1
66 74 1
66 75 1
66 76 1
66 77 1
66 78 1
66 79 1
66 80 1
66 81 1
66 82 1
66 83 1
66 84 1
66 85 1
66 86 1
66 87 1
66 88 1
66 89 1
66 90 1
66 91 1
66 92 1
66 93 1
66 94 1
66 95 1
66 96 1
66 97 1
66 98 1
66 99 1
66 100 1
66 101 1
66 102 1
66 103 1
66 104 1
66 105 1
66 106 1
66 107 1
66 108 1
66 109 1
66 110 1
66 111 1
66 112 1
66 113 1
66 114 1
66 115 1
66 116 1
66 117 1
66 118 1
66 119 1
66 120 1
67 1 1
67 2 1
67 3 1
67 4 1
67 5 1
67 6 1
67 7 1
67 8 1
67 9 1
67 10 1
67 11 1
67 12 1
67 13 1
67 14 1
67 15 1
67 16 1
67 17 1
67 18 1
67 19 1
67 20 1
67 21 1
67 22 1
67 23 1
67 24 1
67 25 1
67 26 1
67 27 1
67 28 1
67 29 1
67 30 1
67 31 1
67 32 1
67 33 1
67 34 1
67 35 1
67 36 1
67 37 1
67 38 1
67 39 1
67 40 1
67 41 1
67 42 1
67 43 1
67 44 1
67 45 1
67 46 1
67 47 1
67 48 1
67 49 1
67 50 1
67 51 1
67 52 1
67 53 1
67 54 1
67 55 1
67 56 1
67 57 1
67 58 1
67 59 1
67 60 1
67 61 1
67 62 1
67 63 1
67 64 1
67 65 1
67 66 1
67 67 1
67 68 1
67 69 1
67 70 1
67 71 1
67 72 1
67 73 1
67 74 1
67 75 1
67 76 1
67 77 1
67 78 1
67 79 1
67 80 1
67 81 1
67 82 1
67 83 1
67 84 1
67 85 1
67 86 1
67 87 1
67 88 1
67 89 1
67 90 1
67 91 1
67 92 1
67 93 1
67 94 1
67 95 1
67 96 1
67 97 1
67 98 1
67 99 1
67 100 1
67 101 1
67 102 1
67 103 1
67 104 1
67 105 1
67 106 1
67 107 1
67 108 1
67 109 1
67 110 1
67 111 1
67 112 1
67 113 1
67 114 1
67 115 1
67 116 1
67 117 1
67 118 1
67 119 1
67 120 1
68 1 1
68 2 1
68 3 1
68 4 1
68 5 1
68 6 1
68 7 1
68 8 1
68 9 1
68 10 1
68 11 1
68 12 1
68 13 1
68 14 1
68 15 1
68 16 1
68 17 1
68 18 1
68 19 1
68 20 1
68 21 1
68 22 1
68 23 1
68 24 1
68 25 1
68 26 1
68 27 1
68 28 1
68 29 1
68 30 1
68 31 1
68 32 1
68 33 1
68 34 1
68 35 1
68 36 1
68 37 1
68 38 1
68 39 1
68 40 1
68 41 1
68 42 1
68 43 1
68 44 1
68 45 1
68 46 1
68 47 1
68 48 1
68 49 1
68 50 1
68 51 1
68 52 1
68 53 1
68 54 1
68 55 1
68 56 1
68 57 1
68 58 1
68 59 1
68 60 1
68 61 1
68 62 1
68 63 1
68 64 1
68 65 1
68 66 1
68 67 1
68 68 1
68 69 1
68 70 1
68 71 1
68 72 1
68 73 1
68 74 1
68 75 1
68 76 1
68 77 1
68 78 1
68 79 1
68 80 1
68 81 1
68 82 1
68 83 1
68 84 1
68 85 1
68 86 1
68 87 1
68 88 1
68 89 1
68 90 1
68 91 1
68 92 1
68 93 1
68 94 1
68 95 1
68 96 1
68 97 1
68 98 1
68 99 1
68 100 1
68 101 1
68 102 1
68 103 1
68 104 1
68 105 1
68 106 1
68 107 1
68 108 1
68 109 1
68 110 1
68 111 1
68 112 1
68 113 1
68 114 1
68 115 1
68 116 1
68 117 1
68 118 1
68 119 1
68 120 1
69 1 1
69 2 1
69 3 1
69 4 1
69 5 1
69 6 1
69 7 1
69 8 1
69 9 1
69 10 1
69 11 1
69 12 1
69 13 1
69 14 1
69 15 1
69 16 1
69 17 1
69 18 1
69 19 1
69 20 1
69 21 1
69 22 1
69 23 1
69 24 1
69 25 1
69 26 1
69 27 1
69 28 1
69 29 1
69 30 1
69 31 1
69 32 1
69 33 1
69 34 1
69 35 1
69 36 1
69 37 1
69 38 1
69 39 1
69 40 1
69 41 1
69 42 1
69 43 1
69 44 1
69 45 1
69 46 1
69 47 1
69 48 1
69 49 1
69 50 1
69 51 1
69 52 1
69 53 1
69 54 1
69 55 1
69 56 1
69 57 1
69 58 1
69 59 1
69 60 1
69 61 1
69 62 1
69 63 1
69 64 1
69 65 1
69 66 1
69 67 1
69 68 1
69 69 1
69 70 1
69 71 1
69 72 1
69 73 1
69 74 1
69 75 1
69 76 1
69 77 1
69 78 1
69 79 1
69 80 1
69 81 1
69 82 1
69 83 1
69 84 1
69 85 1
69 86 1
69 87 1
69 88 1
69 89 1
69 90 1
69 91 1
69 92 1
69 93 1
69 94 1
69 95 1
69 96 1
69 97 1
69 98 1
69 99 1
69 100 1
69 101 1
69 102 1
69 103 1
69 104 1
69 105 1
69 106 1
69 107 1
69 108 1
69 109 1
69 110 1
69 111 1
69 112 1
69 113 1
69 114 1
69 115 1
69 116 1
69 117 1
69 118 1
69 119 1
69 120 1
70 1 1
70 2 1
70 3 1
70 4 1
70 5 1
70 6 1
70 7 1
70 8 1
70 9 1
70 10 1
70 11 1
70 12 1
70 13 1
70 14 1
70 15 1
70 16 1
70 17 1
70 18 1
70 19 1
70 20 1
70 21 1
70 22 1
70 23 1
70 24 1
70 25 1
70 26 1
70 27 1
70 28 1
70 29 1
70 30 1
70 31 1
70 32 1
70 33 1
70 34 1
70 35 1
70 36 1
70 37 1
70 38 1
70 39 1
70 40 1
70 41 1
70 42 1
70 43 1
70 44 1
70 45 1
70 46 1
70 47 1
70 48 1
70 49 1
70 50 1
70 51 0
70 52 0
70 53 0
70 54 0
70 55 0
70 56 0
70 57 0
70 58 0
70 59 0
70 60 0
70 61 0
70 62 0
70 63 0
70 64 0
70 65 0
70 66 0
70 67 0
70 68 0
70 69 0
70 70 0
70 71 0
70 72 0
70 73 0
70 74 0
70 75 0
70 76 0
70 77 0
70 78 0
70 79 0
70 80 0
70 81 0
70 82 0
70 83 0
70 84 0
70 85 0
70 86 0
70 87 0
70 88 0
70 89 0
70 90 0
70 91 0
70 92 0
70 93 0
70 94 0
70 95 0
70 96 0
70 97 0
70 98 0
70 99 0
70 100 0
70 101 0
70 102 0
70 103 0
70 104 0
70 105 0
70 106 0
70 107 0
70 108 0
70 109 0
70 110 0
70 111 0
70 112 0
70 113 0
70 114 0
70 115 0
70 116 0
70 117 0
70 118 0
70 119 0
70 120 0
71 1 1
71 2 1
71 3 1
71 4 1
71 5 1
71 6 1
71 7 1
71 8 1
71 9 1
71 10 1
71 11 1
71 12 1
71 13 1
71 14 1
71 15 1
71 16 1
71 17 1
71 18 1
71 19 1
71 20 1
71 21 1
71 22 1
71 23 1
71 24 1
71 25 1
71 26 1
71 27 1
71 28 1
71 29 1
71 30 1
71 31 1
71 32 1
71 33 1
71 34 1
71 35 1
71 36 1
71 37 1
71 38 1
71 39 1
71 40 1
71 41 1
71 42 1
71 43 1
71 44 0
71 45 0
71 46 0
71 47 0
71 48 0
71 49 0
71 50 0
71 51 0
71 52 0
71 53 0
71 54 0
71 55 0
71 56 0
71 57 0
71 58 0
71 59 0
71 60 0
71 61 0
71 62 0
71 63 0
71 64 0
71 65 0
71 66 0
71 67 0
71 68 0
71 69 0
71 70 0
71 71 0
71 72 0
71 73 0
71 74 0
71 75 0
71 76 0
71 77 0
71 78 0
71 79 0
71 80 0
71 81 0
71 82 0
71 83 0
71 84 0
71 85 0
71 86 0
71 87 0
71 88 0
71 89 0
71 90 0
71 91 0
71 92 0
71 93 0
71 94 0
71 95 0
71 96 0
71 97 0
71 98 0
71 99 0
71 100 0
71 101 0
71 102 0
71 103 0
71 104 0
71 105 0
71 106 0
71 107 0
71 108 0
71 109 0
71 110 0
71 111 0
71 112 0
71 113 0
71 114 0
71 115 0
71 116 0
71 117 0
71 118 0
71 119 0
71 120 0
72 1 1
72 2 1
72 3 1
72 4 1
72 5 1
72 6 1
72 7 1
72 8 1
72 9 1
72 10 1
72 11 1
72 12 1
72 13 1
72 14 1
72 15 1
72 16 1
72 17 1
72 18 1
72 19 1
72 20 1
72 21 1
72 22 1
72 23 1
72 24 1
72 25 1
72 26 1
72 27 1
72 28 1
72 29 1
72 30 1
72 31 1
72 32 1
72 33 1
72 34 1
72 35 1
72 36 1
72 37 1
72 38 1
72 39 1
72 40 1
72 41 0
72 42 0
72 43 0
72 44 0
72 45 0
72 46 0
72 47 0
72 48 0
72 49 0
72 50 0
72 51 0
72 52 0
72 53 0
72 54 0
72 55 0
72 56 0
72 57 0
72 58 0
72 59 0
72 60 0
72 61 0
72 62 0
72 63 0
72 64 0
72 65 0
72 66 0
72 67 0
72 68 0
72 69 0
72 70 0
72 71 0
72 72 0
72 73 0
72 74 0
72 75 0
72 76 0
72 77 0
72 78 0
72 79 0
72 80 0
72 81 0
72 82 0
72 83 0
72 84 0
72 85 0
72 86 0
72 87 0
72 88 0
72 89 0
72 90 0
72 91 0
72 92 0
72 93 0
72 94 0
72 95 0
72 96 0
72 97 0
72 98 0
72 99 0
72 100 0
72 101 0
72 102 0
72 103 0
72 104 0
72 105 0
72 106 0
72 107 0
72 108 0
72 109 0
72 110 0
72 111 0
72 112 0
72 113 0
72 114 0
72 115 0
72 116 0
72 117 0
72 118 0
72 119 0
72 120 0
73 1 1
73 2 1
73 3 1
73 4 1
73 5 1
73 6 1
73 7 1
73 8 1
73 9 1
73 10 1
73 11 1
73 12 1
73 13 1
73 14 1
73 15 1
73 16 1
73 17 1
73 18 1
73 19 1
73 20 1
73 21 1
73 22 1
73 23 1
73 24 1
73 25 1
73 26 1
73 27 1
73 28 1
73 29 1
73 30 1
73 31 1
73 32 1
73 33 1
73 34 1
73 35 1
73 36 1
73 37 1
73 38 0
73 39 0
73 40 0
73 41 0
73 42 0
73 43 0
73 44 0
73 45 0
73 46 0
73 47 0
73 48 0
73 49 0
73 50 0
73 51 0
73 52 0
73 53 0
73 54 0
73 55 0
73 56 0
73 57 0
73 58 0
73 59 0
73 60 0
73 61 0
73 62 0
73 63 0
73 64 0
73 65 0
73 66 0
73 67 0
73 68 0
73 69 0
73 70 0
73 71 0
73 72 0
73 73 0
73 74 0
73 75 0
73 76 0
73 77 0
73 78 0
73 79 0
73 80 0
73 81 0
73 82 0
73 83 0
73 84 0
73 85 0
73 86 0
73 87 0
73 88 0
73 89 0
73 90 0
73 91 0
73 92 0
73 93 0
73 94 0
73 95 0
73 96 0
73 97 0
73 98 0
73 99 0
73 100 0
73 101 0
73 102 0
73 103 0
73 104 0
73 105 0
73 106 0
73 107 0
73 108 0
73 109 0
73 110 0
73 111 0
73 112 0
73 113 0
73 114 0
73 115 0
73 116 0
73 117 0
73 118 0
73 119 0
73 120 0
74 1 1
74 2 1
74 3 1
74 4 1
74 5 1
74 6 1
74 7 1
74 8 1
74 9 1
74 10 1
74 11 1
74 12 1
74 13 1
74 14 1
74 15 1
74 16 1
74 17 1
74 18 1
74 19 1
74 20 1
74 21 1
74 22 1
74 23 1
74 24 1
74 25 1
74 26 1
74 27 1
74 28 1
74 29 1
74 30 1
74 31 1
74 32 1
74 33 1
74 34 1
74 35 1
74 36 1
74 37 0
74 38 0
74 39 0
74 40 0
74 41 0
74 42 0
74 43 0
74 44 0
74 45 0
74 46 0
74 47 0
74 48 0
74 49 0
74 50 0
74 51 0
74 52 0
74 53 0
74 54 0
74 55 0
74 56 0
74 57 0
74 58 0
74 59 0
74 60 0
74 61 0
74 62 0
74 63 0
74 64 0
74 65 0
74 66 0
74 67 0
74 68 0
74 69 0
74 70 0
74 71 0
74 72 0
74 73 0
74 74 0
74 75 0
74 76 0
74 77 0
74 78 0
74 79 0
74 80 0
74 81 0
74 82 0
74 83 0
74 84 0
74 85 0
74 86 0
74 87 0
74 88 0
74 89 0
74 90 0
74 91 0
74 92 0
74 93 0
74 94 0
74 95 0
74 96 0
74 97 0
74 98 0
74 99 0
74 100 0
74 101 0
74 102 0
74 103 0
74 104 0
74 105 0
74 106 0
74 107 0
74 108 0
74 109 0
74 110 0
74 111 0
74 112 0
74 113 0
74 114 0
74 115 0
74 116 0
74 117 0
74 118 0
74 119 0
74 120 0
75 1 1
75 2 1
75 3 1
75 4 1
75 5 1
75 6 1
75 7 1
75 8 1
75 9 1
75 10 1
75 11 1
75 12 1
75 13 1
75 14 1
75 15 1
75 16 1
75 17 1
75 18 1
75 19 1
75 20 1
75 21 1
75 22 1
75 23 1
75 24 1
75 25 1
75 26 1
75 27 1
75 28 1
75 29 1
75 30 1
75 31 1
75 32 1
75 33 1
75 34 1
75 35 0
75 36 0
75 37 0
75 38 0
75 39 0
75 40 0
75 41 0
75 42 0
75 43 0
75 44 0
75 45 0
75 46 0
75 47 0
75 48 0
75 49 0
75 50 0
75 51 0
75 52 0
75 53 0
75 54 0
75 55 0
75 56 0
75 57 0
75 58 0
75 59 0
75 60 0
75 61 0
75 62 0
75 63 0
75 64 0
75 65 0
75 66 0
75 67 0
75 68 0
75 69 0
75 70 0
75 71 0
75 72 0
75 73 0
75 74 0
75 75 0
75 76 0
75 77 0
75 78 0
75 79 0
75 80 0
75 81 0
75 82 0
75 83 0
75 84 0
75 85 0
75 86 0
75 87 0
75 88 0
75 89 0
75 90 0
75 91 0
75 92 0
75 93 0
75 94 0
75 95 0
75 96 0
75 97 0
75 98 0
75 99 0
75 100 0
75 101 0
75 102 0
75 103 0
75 104 0
75 105 0
75 106 0
75 107 0
75 108 0
75 109 0
75 110 0
75 111 0
75 112 0
75 113 0
75 114 0
75 115 0
75 116 0
75 117 0
75 118 0
75 119 0
75 120 0
76 1 1
76 2 1
76 3 1
76 4 1
76 5 1
76 6 1
76 7 1
76 8 1
76 9 1
76 10 1
76 11 1
76 12 1
76 13 1
76 14 1
76 15 1
76 16 1
76 17 1
76 18 1
76 19 1
76 20 1
76 21 1
76 22 1
76 23 1
76 24 1
76 25 1
76 26 1
76 27 1
76 28 1
76 29 1
76 30 1
76 31 1
76 32 1
76 33 0
76 34 0
76 35 0
76 36 0
76 37 0
76 38 0
76 39 0
76 40 0
76 41 0
76 42 0
76 43 0
76 44 0
76 45 0
76 46 0
76 47 0
76 48 0
76 49 0
76 50 0
76 51 0
76 52 0
76 53 0
76 54 0
76 55 0
76 56 0
76 57 0
76 58 0
76 59 0
76 60 0
76 61 0
76 62 0
76 63 0
76 64 0
76 65 0
76 66 0
76 67 0
76 68 0
76 69 0
76 70 0
76 71 0
76 72 0
76 73 0
76 74 0
76 75 0
76 76 0
76 77 0
76 78 0
76 79 0
76 80 0
76 81 0
76 82 0
76 83 0
76 84 0
76 85 0
76 86 0
76 87 0
76 88 0
76 89 0
76 90 0
76 91 0
76 92 0
76 93 0
76 94 0
76 95 0
76 96 0
76 97 0
76 98 0
76 99 0
76 100 0
76 101 0
76 102 0
76 103 0
76 104 0
76 105 0
76 106 0
76 107 0
76 108 0
76 109 0
76 110 0
76 111 0
76 112 0
76 113 0
76 114 0
76 115 0
76 116 0
76 117 0
76 118 0
76 119 0
76 120 0
77 1 1
77 2 1
77 3 1
77 4 1
77 5 1
77 6 1
77 7 1
77 8 1
77 9 1
77 10 1
77 11 1
77 12 1
77 13 1
77 14 1
77 15 1
77 16 1
77 17 1
77 18 1
77 19 1
77 20 1
77 21 1
77 22 1
77 23 1
77 24 1
77 25 1
77 26 1
77 27 1
77 28 1
77 29 1
77 30 1
77 31 1
77 32 0
77 33 0
77 34 0
77 35 0
77 36 0
77 37 0
77 38 0
77 39 0
77 40 0
77 41 0
77 42 0
77 43 0
77 44 0
77 45 0
77 46 0
77 47 0
77 48 0
77 49 0
77 50 0
77 51 0
77 52 0
77 53 0
77 54 0
77 55 0
77 56 0
77 57 0
77 58 0
77 59 0
77 60 0
77 61 0
77 62 0
77 63 0
77 64 0
77 65 0
77 66 0
77 67 0
77 68 0
77 69 0
77 70 0
77 71 0
77 72 0
77 73 0
77 74 0
77 75 0
77 76 0
77 77 0
77 78 0
77 79 0
77 80 0
77 81 0
77 82 0
77 83 0
77 84 0
77 85 0
77 86 0
77 87 0
77 88 0
77 89 0
77 90 0
77 91 0
77 92 0
77 93 0
77 94 0
77 95 0
77 96 0
77 97 0
77 98 0
77 99 0
77 100 0
77 101 0
77 102 0
77 103 0
77 104 0
77 105 0
77 106 0
77 107 0
77 108 0
77 109 0
77 110 0
77 111 0
77 112 0
77 113 0
77 114 0
77 115 0
77 116 0
77 117 0
77 118 0
77 119 0
77 120 0
78 1 1
78 2 1
78 3 1
78 4 1
78 5 1
78 6 1
78 7 1
78 8 1
78 9 1
78 10 1
78 11 1
78 12 1
78 13 1
78 14 1
78 15 1
78 16 1
78 17 1
78 18 1
78 19 1
78 20 1
78 21 1
78 22 1
78 23 1
78 24 1
78 25 1
78 26 1
78 27 1
78 28 1
78 29 1
78 30 1
78 31 0
78 32 0
78 33 0
78 34 0
78 35 0
78 36 0
78 37 0
78 38 0
78 39 0
78 40 0
78 41 0
78 42 0
78 43 0
78 44 0
78 45 0
78 46 0
78 47 0
78 48 0
78 49 0
78 50 0
78 51 0
78 52 0
78 53 0
78 54 0
78 55 0
78 56 0
78 57 0
78 58 0
78 59 0
78 60 0
78 61 0
78 62 0
78 63 0
78 64 0
78 65 0
78 66 0
78 67 0
78 68 0
78 69 0
78 70 0
78 71 0
78 72 0
78 73 0
78 74 0
78 75 0
78 76 0
78 77 0
78 78 0
78 79 0
78 80 0
78 81 0
78 82 0
78 83 0
78 84 0
78 85 0
78 86 0
78 87 0
78 88 0
78 89 0
78 90 0
78 91 0
78 92 0
78 93 0
78 94 0
78 95 0
78 96 0
78 97 0
78 98 0
78 99 0
78 100 0
78 101 0
78 102 0
78 103 0
78 104 0
78 105 0
78 106 0
78 107 0
78 108 0
78 109 0
78 110 0
78 111 0
78 112 0
78 113 0
78 114 0
78 115 0
78 116 0
78 117 0
78 118 0
78 119 0
78 120 0
79 1 1
79 2 1
79 3 1
79 4 1
79 5 1
79 6 1
79 7 1
79 8 1
79 9 1
79 10 1
79 11 1
79 12 1
79 13 1
79 14 1
79 15 1
79 16 1
79 17 1
79 18 1
79 19 1
79 20 1
79 21 1
79 22 1
79 23 1
79 24 1
79 25 1
79 26 1
79 27 1
79 28 1
79 29 1
79 30 0
79 31 0
79 32 0
79 33 0
79 34 0
79 35 0
79 36 0
79 37 0
79 38 0
79 39 0
79 40 0
79 41 0
79 42 0
79 43 0
79 44 0
79 45 0
79 46 0
79 47 0
79 48 0
79 49 0
79 50 0
79 51 0
79 52 0
79 53 0
79 54 0
79 55 0
79 56 0
79 57 0
79 58 0
79 59 0
79 60 0
79 61 0
79 62 0
79 63 0
79 64 0
79 65 0
79 66 0
79 67 0
79 68 0
79 69 0
79 70 0
79 71 0
79 72 0
79 73 0
79 74 0
79 75 0
79 76 0
79 77 0
79 78 0
79 79 0
79 80 0
79 81 0
79 82 0
79 83 0
79 84 0
79 85 0
79 86 0
79 87 0
79 88 0
79 89 0
79 90 0
79 91 0
79 92 0
79 93 0
79 94 0
79 95 0
79 96 0
79 97 0
79 98 0
79 99 0
79 100 0
79 101 0
79 102 0
79 103 0
79 104 0
79 105 0
79 106 0
79 107 0
79 108 0
79 109 0
79 110 0
79 111 0
79 112 0
79 113 0
79 114 0
79 115 0
79 116 0
79 117 0
79 118 0
79 119 0
79 120 0
80 1 1
80 2 1
80 3 1
80 4 1
80 5 1
80 6 1
80 7 1
80 8 1
80 9 1
80 10 1
80 11 1
80 12 1
80 13 1
80 14 1
80 15 1
80 16 1
80 17 1
80 18 1
80 19 1
80 20 1
80 21 1
80 22 1
80 23 1
80 24 1
80 25 1
80 26 1
80 27 1
80 28 1
80 29 0
80 30 0
80 31 0
80 32 0
80 33 0
80 34 0
80 35 0
80 36 0
80 37 0
80 38 0
80 39 0
80 40 0
80 41 0
80 42 0
80 43 0
80 44 0
80 45 0
80 46 0
80 47 0
80 48 0
80 49 0
80 50 0
80 51 0
80 52 0
80 53 0
80 54 0
80 55 0
80 56 0
80 57 0
80 58 0
80 59 0
80 60 0
80 61 0
80 62 0
80 63 0
80 64 0
80 65 0
80 66 0
80 67 0
80 68 0
80 69 0
80 70 0
80 71 0
80 72 0
80 73 0
80 74 0
80 75 0
80 76 0
80 77 0
80 78 0
80 79 0
80 80 0
80 81 0
80 82 0
80 83 0
80 84 0
80 85 0
80 86 0
80 87 0
80 88 0
80 89 0
80 90 0
80 91 0
80 92 0
80 93 0
80 94 0
80 95 0
80 96 0
80 97 0
80 98 0
80 99 0
80 100 0
80 101 0
80 102 0
80 103 0
80 104 0
80 105 0
80 106 0
80 107 0
80 108 0
80 109 0
80 110 0
80 111 0
80 112 0
80 113 0
80 114 0
80 115 0
80 116 0
80 117 0
80 118 0
80 119 0
80 120 0
81 1 1
81 2 1
81 3 1
81 4 1
81 5 1
81 6 1
81 7 1
81 8 1
81 9 1
81 10 1
81 11 1
81 12 1
81 13 1
81 14 1
81 15 1
81 16 1
81 17 1
81 18 1
81 19 1
81 20 1
81 21 1
81 22 1
81 23 1
81 24 1
81 25 1
81 26 1
81 27 1
81 28 0
81 29 0
81 30 0
81 31 0
81 32 0
81 33 0
81 34 0
81 35 0
81 36 0
81 37 0
81 38 0
81 39 0
81 40 0
81 41 0
81 42 0
81 43 0
81 44 0
81 45 0
81 46 0
81 47 0
81 48 0
81 49 0
81 50 0
81 51 0
81 52 0
81 53 0
81 54 0
81 55 0
81 56 0
81 57 0
81 58 0
81 59 0
81 60 0
81 61 0
81 62 0
81 63 0
81 64 0
81 65 0
81 66 0
81 67 0
81 68 0
81 69 0
81 70 0
81 71 0
81 72 0
81 73 0
81 74 0
81 75 0
81 76 0
81 77 0
81 78 0
81 79 0
81 80 0
81 81 0
81 82 0
81 83 0
81 84 0
81 85 0
81 86 0
81 87 0
81 88 0
81 89 0
81 90 0
81 91 0
81 92 0
81 93 0
81 94 0
81 95 0
81 96 0
81 97 0
81 98 0
81 99 0
81 100 0
81 101 0
81 102 0
81 103 0
81 104 0
81 105 0
81 106 0
81 107 0
81 108 0
81 109 0
81 110 0
81 111 0
81 112 0
81 113 0
81 114 0
81 115 0
81 116 0
81 117 0
81 118 0
81 119 0
81 120 0
82 1 1
82 2 1
82 3 1
82 4 1
82 5 1
82 6 1
82 7 1
82 8 1
82 9 1
82 10 1
82 11 1
82 12 1
82 13 1
82 14 1
82 15 1
82 16 1
82 17 1
82 18 1
82 19 1
82 20 1
82 21 1
82 22 1
82 23 1
82 24 1
82 25 1
82 26 1
82 27 0
82 28 0
82 29 0
82 30 0
82 31 0
82 32 0
82 33 0
82 34 0
82 35 0
82 36 0
82 37 0
82 38 0
82 39 0
82 40 0
82 41 0
82 42 0
82 43 0
82 44 0
82 45 0
82 46 0
82 47 0
82 48 0
82 49 0
82 50 0
82 51 0
82 52 0
82 53 0
82 54 0
82 55 0
82 56 0
82 57 0
82 58 0
82 59 0
82 60 0
82 61 0
82 62 0
82 63 0
82 64 0
82 65 0
82 66 0
82 67 0
82 68 0
82 69 0
82 70 0
82 71 0
82 72 0
82 73 0
82 74 0
82 75 0
82 76 0
82 77 0
82 78 0
82 79 0
82 80 0
82 81 0
82 82 0
82 83 0
82 84 0
82 85 0
82 86 0
82 87 0
82 88 0
82 89 0
82 90 0
82 91 0
82 92 0
82 93 0
82 94 0
82 95 0
82 96 0
82 97 0
82 98 0
82 99 0
82 100 0
82 101 0
82 102 0
82 103 0
82 104 0
82 105 0
82 106 0
82 107 0
82 108 0
82 109 0
82 110 0
82 111 0
82 112 0
82 113 0
82 114 0
82 115 0
82 116 0
82 117 0
82 118 0
82 119 0
82 120 0
83 1 1
83 2 1
83 3 1
83 4 1
83 5 1
83 6 1
83 7 1
83 8 1
83 9 1
83 10 1
83 11 1
83 12 1
83 13 1
83 14 1
83 15 1
83 16 1
83 17 1
83 18 1
83 19 1
83 20 1
83 21 1
83 22 1
83 23 1
83 24 1
83 25 1
83 26 1
83 27 0
83 28 0
83 29 0
83 30 0
83 31 0
83 32 0
83 33 0
83 34 0
83 35 0
83 36 0
83 37 0
83 38 0
83 39 0
83 40 0
83 41 0
83 42 0
83 43 0
83 44 0
83 45 0
83 46 0
83 47 0
83 48 0
83 49 0
83 50 0
83 51 0
83 52 0
83 53 0
83 54 0
83 55 0
83 56 0
83 57 0
83 58 0
83 59 0
83 60 0
83 61 0
83 62 0
83 63 0
83 64 0
83 65 0
83 66 0
83 67 0
83 68 0
83 69 0
83 70 0
83 71 0
83 72 0
83 73 0
83 74 0
83 75 0
83 76 0
83 77 0
83 78 0
83 79 0
83 80 0
83 81 0
83 82 0
83 83 0
83 84 0
83 85 0
83 86 0
83 87 0
83 88 0
83 89 0
83 90 0
83 91 0
83 92 0
83 93 0
83 94 0
83 95 0
83 96 0
83 97 0
83 98 0
83 99 0
83 100 0
83 101 0
83 102 0
83 103 0
83 104 0
83 105 0
83 106 0
83 107 0
83 108 0
83 109 0
83 110 0
83 111 0
83 112 0
83 113 0
83 114 0
83 115 0
83 116 0
83 117 0
83 118 0
83 119 0
83 120 0
84 1 1
84 2 1
84 3 1
84 4 1
84 5 1
84 6 1
84 7 1
84 8 1
84 9 1
84 10 1
84 11 1
84 12 1
84 13 1
84 14 1
84 15 1
84 16 1
84 17 1
84 18 1
84 19 1
84 20 1
84 21 1
84 22 1
84 23 1
84 24 1
84 25 1
84 26 0
84 27 0
84 28 0
84 29 0
84 30 0
84 31 0
84 32 0
84 33 0
84 34 0
84 35 0
84 36 0
84 37 0
84 38 0
84 39 0
84 40 0
84 41 0
84 42 0
84 43 0
84 44 0
84 45 0
84 46 0
84 47 0
84 48 0
84 49 0
84 50 0
84 51 0
84 52 0
84 53 0
84 54 0
84 55 0
84 56 0
84 57 0
84 58 0
84 59 0
84 60 0
84 61 0
84 62 0
84 63 0
84 64 0
84 65 0
84 66 0
84 67 0
84 68 0
84 69 0
84 70 0
84 71 0
84 72 0
84 73 0
84 74 0
84 75 0
84 76 0
84 77 0
84 78 0
84 79 0
84 80 0
84 81 0
84 82 0
84 83 0
84 84 0
84 85 0
84 86 0
84 87 0
84 88 0
84 89 0
84 90 0
84 91 0
84 92 0
84 93 0
84 94 0
84 95 0
84 96 0
84 97 0
84 98 0
84 99 0
84 100 0
84 101 0
84 102 0
84 103 0
84 104 0
84 105 0
84 106 0
84 107 0
84 108 0
84 109 0
84 110 0
84 111 0
84 112 0
84 113 0
84 114 0
84 115 0
84 116 0
84 117 0
84 118 0
84 119 0
84 120 0
85 1 1
85 2 1
85 3 1
85 4 1
85 5 1
85 6 1
85 7 1
85 8 1
85 9 1
85 10 1
85 11 1
85 12 1
85 13 1
85 14 1
85 15 1
85 16 1
85 17 1
85 18 1
85 19 1
85 20 1
85 21 1
85 22 1
85 23 1
85 24 1
85 25 1
85 26 0
85 27 0
85 28 0
85 29 0
85 30 0
85 31 0
85 32 0
85 33 0
85 34 0
85 35 0
85 36 0
85 37 0
85 38 0
85 39 0
85 40 0
85 41 0
85 42 0
85 43 0
85 44 0
85 45 0
85 46 0
85 47 0
85 48 0
85 49 0
85 50 0
85 51 0
85 52 0
85 53 0
85 54 0
85 55 0
85 56 0
85 57 0
85 58 0
85 59 0
85 60 0
85 61 0
85 62 0
85 63 0
85 64 0
85 65 0
85 66 0
85 67 0
85 68 0
85 69 0
85 70 0
85 71 0
85 72 0
85 73 0
85 74 0
85 75 0
85 76 0
85 77 0
85 78 0
85 79 0
85 80 0
85 81 0
85 82 0
85 83 0
85 84 0
85 85 0
85 86 0
85 87 0
85 88 0
85 89 0
85 90 0
85 91 0
85 92 0
85 93 0
85 94 0
85 95 0
85 96 0
85 97 0
85 98 0
85 99 0
85 100 0
85 101 0
85 102 0
85 103 0
85 104 0
85 105 0
85 106 0
85 107 0
85 108 0
85 109 0
85 110 0
85 111 0
85 112 0
85 113 0
85 114 0
85 115 0
85 116 0
85 117 0
85 118 0
85 119 0
85 120 0
86 1 1
86 2 1
86 3 1
86 4 1
86 5 1
86 6 1
86 7 1
86 8 1
86 9 1
86 10 1
86 11 1
86 12 1
86 13 1
86 14 1
86 15 1
86 16 1
86 17 1
86 18 1
86 19 1
86 20 1
86 21 1
86 22 1
86 23 1
86 24 1
86 25 0
86 26 0
86 27 0
86 28 0
86 29 0
86 30 0
86 31 0
86 32 0
86 33 0
86 34 0
86 35 0
86 36 0
86 37 0
86 38 0
86 39 0
86 40 0
86 41 0
86 42 0
86 43 0
86 44 0
86 45 0
86 46 0
86 47 0
86 48 0
86 49 0
86 50 0
86 51 0
86 52 0
86 53 0
86 54 0
86 55 0
86 56 0
86 57 0
86 58 0
86 59 0
86 60 0
86 61 0
86 62 0
86 63 0
86 64 0
86 65 0
86 66 0
86 67 0
86 68 0
86 69 0
86 70 0
86 71 0
86 72 0
86 73 0
86 74 0
86 75 0
86 76 0
86 77 0
86 78 0
86 79 0
86 80 0
86 81 0
86 82 0
86 83 0
86 84 0
86 85 0
86 86 0
86 87 0
86 88 0
86 89 0
86 90 0
86 91 0
86 92 0
86 93 0
86 94 0
86 95 0
86 96 0
86 97 0
86 98 0
86 99 0
86 100 0
86 101 0
86 102 0
86 103 0
86 104 0
86 105 0
86 106 0
86 107 0
86 108 0
86 109 0
86 110 0
86 111 0
86 112 0
86 113 0
86 114 0
86 115 0
86 116 0
86 117 0
86 118 0
86 119 0
86 120 0
87 1 1
87 2 1
87 3 1
87 4 1
87 5 1
87 6 1
87 7 1
87 8 1
87 9 1
87 10 1
87 11 1
87 12 1
87 13 1
87 14 1
87 15 1
87 16 1
87 17 1
87 18 1
87 19 1
87 20 1
87 21 1
87 22 1
87 23 1
87 24 0
87 25 0
87 26 0
87 27 0
87 28 0
87 29 0
87 30 0
87 31 0
87 32 0
87 33 0
87 34 0
87 35 0
87 36 0
87 37 0
87 38 0
87 39 0
87 40 0
87 41 0
87 42 0
87 43 0
87 44 0
87 45 0
87 46 0
87 47 0
87 48 0
87 49 0
87 50 0
87 51 0
87 52 0
87 53 0
87 54 0
87 55 0
87 56 0
87 57 0
87 58 0
87 59 0
87 60 0
87 61 0
87 62 0
87 63 0
87 64 0
87 65 0
87 66 0
87 67 0
87 68 0
87 69 0
87 70 0
87 71 0
87 72 0
87 73 0
87 74 0
87 75 0
87 76 0
87 77 0
87 78 0
87 79 0
87 80 0
87 81 0
87 82 0
87 83 0
87 84 0
87 85 0
87 86 0
87 87 0
87 88 0
87 89 0
87 90 0
87 91 0
87 92 0
87 93 0
87 94 0
87 95 0
87 96 0
87 97 0
87 98 0
87 99 0
87 100 0
87 101 0
87 102 0
87 103 0
87 104 0
87 105 0
87 106 0
87 107 0
87 108 0
87 109 0
87 110 0
87 111 0
87 112 0
87 113 0
87 114 0
87 115 0
87 116 0
87 117 0
87 118 0
87 119 0
87 120 0
88 1 1
88 2 1
88 3 1
88 4 1
88 5 1
88 6 1
88 7 1
88 8 1
88 9 1
88 10 1
88 11 1
88 12 1
88 13 1
88 14 1
88 15 1
88 16 1
88 17 1
88 18 1
88 19 1
88 20 1
88 21 1
88 22 1
88 23 1
88 24 0
88 25 0
88 26 0
88 27 0
88 28 0
88 29 0
88 30 0
88 31 0
88 32 0
88 33 0
88 34 0
88 35 0
88 36 0
88 37 0
88 38 0
88 39 0
88 40 0
88 41 0
88 42 0
88 43 0
88 44 0
88 45 0
88 46 0
88 47 0
88 48 0
88 49 0
88 50 0
88 51 0
88 52 0
88 53 0
88 54 0
88 55 0
88 56 0
88 57 0
88 58 0
88 59 0
88 60 0
88 61 0
88 62 0
88 63 0
88 64 0
88 65 0
88 66 0
88 67 0
88 68 0
88 69 0
88 70 0
88 71 0
88 72 0
88 73 0
88 74 0
88 75 0
88 76 0
88 77 0
88 78 0
88 79 0
88 80 0
88 81 0
88 82 0
88 83 0
88 84 0
88 85 0
88 86 0
88 87 0
88 88 0
88 89 0
88 90 0
88 91 0
88 92 0
88 93 0
88 94 0
88 95 0
88 96 0
88 97 0
88 98 0
88 99 0
88 100 0
88 101 0
88 102 0
88 103 0
88 104 0
88 105 0
88 106 0
88 107 0
88 108 0
88 109 0
88 110 0
88 111 0
88 112 0
88 113 0
88 114 0
88 115 0
88 116 0
88 117 0
88 118 0
88 119 0
88 120 0
89 1 1
89 2 1
89 3 1
89 4 1
89 5 1
89 6 1
89 7 1
89 8 1
89 9 1
89 10 1
89 11 1
89 12 1
89 13 1
89 14 1
89 15 1
89 16 1
89 17 1
89 18 1
89 19 1
89 20 1
89 21 1
89 22 1
89 23 1
89 24 0
89 25 0
89 26 0
89 27 0
89 28 0
89 29 0
89 30 0
89 31 0
89 32 0
89 33 0
89 34 0
89 35 0
89 36 0
89 37 0
89 38 0
89 39 0
89 40 0
89 41 0
89 42 0
89 43 0
89 44 0
89 45 0
89 46 0
89 47 0
89 48 0
89 49 0
89 50 0
89 51 0
89 52 0
89 53 0
89 54 0
89 55 0
89 56 0
89 57 0
89 58 0
89 59 0
89 60 0
89 61 0
89 62 0
89 63 0
89 64 0
89 65 0
89 66 0
89 67 0
89 68 0
89 69 0
89 70 0
89 71 0
89 72 0
89 73 0
89 74 0
89 75 0
89 76 0
89 77 0
89 78 0
89 79 0
89 80 0
89 81 0
89 82 0
89 83 0
89 84 0
89 85 0
89 86 0
89 87 0
89 88 0
89 89 0
89 90 0
89 91 0
89 92 0
89 93 0
89 94 0
89 95 0
89 96 0
89 97 0
89 98 0
89 99 0
89 100 0
89 101 0
89 102 0
89 103 0
89 104 0
89 105 0
89 106 0
89 107 0
89 108 0
89 109 0
89 110 0
89 111 0
89 112 0
89 113 0
89 114 0
89 115 0
89 116 0
89 117 0
89 118 0
89 119 0
89 120 0
90 1 1
90 2 1
90 3 1
90 4 1
90 5 1
90 6 1
90 7 1
90 8 1
90 9 1
90 10 1
90 11 1
90 12 1
90 13 1
90 14 1
90 15 1
90 16 1
90 17 1
90 18 1
90 19 1
90 20 1
90 21 1
90 22 1
90 23 0
90 24 0
90 25 0
90 26 0
90 27 0
90 28 0
90 29 0
90 30 0
90 31 0
90 32 0
90 33 0
90 34 0
90 35 0
90 36 0
90 37 0
90 38 0
90 39 0
90 40 0
90 41 0
90 42 0
90 43 0
90 44 0
90 45 0
90 46 0
90 47 0
90 48 0
90 49 0
90 50 0
90 51 0
90 52 0
90 53 0
90 54 0
90 55 0
90 56 0
90 57 0
90 58 0
90 59 0
90 60 0
90 61 0
90 62 0
90 63 0
90 64 0
90 65 0
90 66 0
90 67 0
90 68 0
90 69 0
90 70 0
90 71 0
90 72 0
90 73 0
90 74 0
90 75 0
90 76 0
90 77 0
90 78 0
90 79 0
90 80 0
90 81 0
90 82 0
90 83 0
90 84 0
90 85 0
90 86 0
90 87 0
90 88 0
90 89 0
90 90 0
90 91 0
90 92 0
90 93 0
90 94 0
90 95 0
90 96 0
90 97 0
90 98 0
90 99 0
90 100 0
90 101 0
90 102 0
90 103 0
90 104 0
90 105 0
90 106 0
90 107 0
90 108 0
90 109 0
90 110 0
90 111 0
90 112 0
90 113 0
90 114 0
90 115 0
90 116 0
90 117 0
90 118 0
90 119 0
90 120 0
91 1 1
91 2 1
91 3 1
91 4 1
91 5 1
91 6 1
91 7 1
91 8 1
91 9 1
91 10 1
91 11 1
91 12 1
91 13 1
91 14 1
91 15 1
91 16 1
91 17 1
91 18 1
91 19 1
91 20 1
91 21 1
91 22 1
91 23 0
91 24 0
91 25 0
91 26 0
91 27 0
91 28 0
91 29 0
91 30 0
91 31 0
91 32 0
91 33 0
91 34 0
91 35 0
91 36 0
91 37 0
91 38 0
91 39 0
91 40 0
91 41 0
91 42 0
91 43 0
91 44 0
91 45 0
91 46 0
91 47 0
91 48 0
91 49 0
91 50 0
91 51 0
91 52 0
91 53 0
91 54 0
91 55 0
91 56 0
91 57 0
91 58 0
91 59 0
91 60 0
91 61 0
91 62 0
91 63 0
91 64 0
91 65 0
91 66 0
91 67 0
91 68 0
91 69 0
91 70 0
91 71 0
91 72 0
91 73 0
91 74 0
91 75 0
91 76 0
91 77 0
91 78 0
91 79 0
91 80 0
91 81 0
91 82 0
91 83 0
91 84 0
91 85 0
91 86 0
91 87 0
91 88 0
91 89 0
91 90 0
91 91 0
91 92 0
91 93 0
91 94 0
91 95 0
91 96 0
91 97 0
91 98 0
91 99 0
91 100 0
91 101 0
91 102 0
91 103 0
91 104 0
91 105 0
91 106 0
91 107 0
91 108 0
91 109 0
91 110 0
91 111 0
91 112 0
91 113 0
91 114 0
91 115 0
91 116 0
91 117 0
91 118 0
91 119 0
91 120 0
92 1 1
92 2 1
92 3 1
92 4 1
92 5 1
92 6 1
92 7 1
92 8 1
92 9 1
92 10 1
92 11 1
92 12 1
92 13 1
92 14 1
92 15 1
92 16 1
92 17 1
92 18 1
92 19 1
92 20 1
92 21 1
92 22 1
92 23 0
92 24 0
92 25 0
92 26 0
92 27 0
92 28 0
92 29 0
92 30 0
92 31 0
92 32 0
92 33 0
92 34 0
92 35 0
92 36 0
92 37 0
92 38 0
92 39 0
92 40 0
92 41 0
92 42 0
92 43 0
92 44 0
92 45 0
92 46 0
92 47 0
92 48 0
92 49 0
92 50 0
92 51 0
92 52 0
92 53 0
92 54 0
92 55 0
92 56 0
92 57 0
92 58 0
92 59 0
92 60 0
92 61 0
92 62 0
92 63 0
92 64 0
92 65 0
92 66 0
92 67 0
92 68 0
92 69 0
92 70 0
92 71 0
92 72 0
92 73 0
92 74 0
92 75 0
92 76 0
92 77 0
92 78 0
92 79 0
92 80 0
92 81 0
92 82 0
92 83 0
92 84 0
92 85 0
92 86 0
92 87 0
92 88 0
92 89 0
92 90 0
92 91 0
92 92 0
92 93 0
92 94 0
92 95 0
92 96 0
92 97 0
92 98 0
92 99 0
92 100 0
92 101 0
92 102 0
92 103 0
92 104 0
92 105 0
92 106 0
92 107 0
92 108 0
92 109 0
92 110 0
92 111 0
92 112 0
92 113 0
92 114 0
92 115 0
92 116 0
92 117 0
92 118 0
92 119 0
92 120 0
93 1 1
93 2 1
93 3 1
93 4 1
93 5 1
93 6 1
93 7 1
93 8 1
93 9 1
93 10 1
93 11 1
93 12 1
93 13 1
93 14 1
93 15 1
93 16 1
93 17 1
93 18 1
93 19 1
93 20 1
93 21 1
93 22 0
93 23 0
93 24 0
93 25 0
93 26 0
93 27 0
93 28 0
93 29 0
93 30 0
93 31 0
93 32 0
93 33 0
93 34 0
93 35 0
93 36 0
93 37 0
93 38 0
93 39 0
93 40 0
93 41 0
93 42 0
93 43 0
93 44 0
93 45 0
93 46 0
93 47 0
93 48 0
93 49 0
93 50 0
93 51 0
93 52 0
93 53 0
93 54 0
93 55 0
93 56 0
93 57 0
93 58 0
93 59 0
93 60 0
93 61 0
93 62 0
93 63 0
93 64 0
93 65 0
93 66 0
93 67 0
93 68 0
93 69 0
93 70 0
93 71 0
93 72 0
93 73 0
93 74 0
93 75 0
93 76 0
93 77 0
93 78 0
93 79 0
93 80 0
93 81 0
93 82 0
93 83 0
93 84 0
93 85 0
93 86 0
93 87 0
93 88 0
93 89 0
93 90 0
93 91 0
93 92 0
93 93 0
93 94 0
93 95 0
93 96 0
93 97 0
93 98 0
93 99 0
93 100 0
93 101 0
93 102 0
93 103 0
93 104 0
93 105 0
93 106 0
93 107 0
93 108 0
93 109 0
93 110 0
93 111 0
93 112 0
93 113 0
93 114 0
93 115 0
93 116 0
93 117 0
93 118 0
93 119 0
93 120 0
94 1 1
94 2 1
94 3 1
94 4 1
94 5 1
94 6 1
94 7 1
94 8 1
94 9 1
94 10 1
94 11 1
94 12 1
94 13 1
94 14 1
94 15 1
94 16 1
94 17 1
94 18 1
94 19 1
94 20 1
94 21 1
94 22 0
94 23 0
94 24 0
94 25 0
94 26 0
94 27 0
94 28 0
94 29 0
94 30 0
94 31 0
94 32 0
94 33 0
94 34 0
94 35 0
94 36 0
94 37 0
94 38 0
94 39 0
94 40 0
94 41 0
94 42 0
94 43 0
94 44 0
94 45 0
94 46 0
94 47 0
94 48 0
94 49 0
94 50 0
94 51 0
94 52 0
94 53 0
94 54 0
94 55 0
94 56 0
94 57 0
94 58 0
94 59 0
94 60 0
94 61 0
94 62 0
94 63 0
94 64 0
94 65 0
94 66 0
94 67 0
94 68 0
94 69 0
94 70 0
94 71 0
94 72 0
94 73 0
94 74 0
94 75 0
94 76 0
94 77 0
94 78 0
94 79 0
94 80 0
94 81 0
94 82 0
94 83 0
94 84 0
94 85 0
94 86 0
94 87 0
94 88 0
94 89 0
94 90 0
94 91 0
94 92 0
94 93 0
94 94 0
94 95 0
94 96 0
94 97 0
94 98 0
94 99 0
94 100 0
94 101 0
94 102 0
94 103 0
94 104 0
94 105 0
94 106 0
94 107 0
94 108 0
94 109 0
94 110 0
94 111 0
94 112 0
94 113 0
94 114 0
94 115 0
94 116 0
94 117 0
94 118 0
94 119 0
94 120 0
95 1 1
95 2 1
95 3 1
95 4 1
95 5 1
95 6 1
95 7 1
95 8 1
95 9 1
95 10 1
95 11 1
95 12 1
95 13 1
95 14 1
95 15 1
95 16 1
95 17 1
95 18 1
95 19 1
95 20 1
95 21 1
95 22 0
95 23 0
95 24 0
95 25 0
95 26 0
95 27 0
95 28 0
95 29 0
95 30 0
95 31 0
95 32 0
95 33 0
95 34 0
95 35 0
95 36 0
95 37 0
95 38 0
95 39 0
95 40 0
95 41 0
95 42 0
95 43 0
95 44 0
95 45 0
95 46 0
95 47 0
95 48 0
95 49 0
95 50 0
95 51 0
95 52 0
95 53 0
95 54 0
95 55 0
95 56 0
95 57 0
95 58 0
95 59 0
95 60 0
95 61 0
95 62 0
95 63 0
95 64 0
95 65 0
95 66 0
95 67 0
95 68 0
95 69 0
95 70 0
95 71 0
95 72 0
95 73 0
95 74 0
95 75 0
95 76 0
95 77 0
95 78 0
95 79 0
95 80 0
95 81 0
95 82 0
95 83 0
95 84 0
95 85 0
95 86 0
95 87 0
95 88 0
95 89 0
95 90 0
95 91 0
95 92 0
95 93 0
95 94 0
95 95 0
95 96 0
95 97 0
95 98 0
95 99 0
95 100 0
95 101 0
95 102 0
95 103 0
95 104 0
95 105 0
95 106 0
95 107 0
95 108 0
95 109 0
95 110 0
95 111 0
95 112 0
95 113 0
95 114 0
95 115 0
95 116 0
95 117 0
95 118 0
95 119 0
95 120 0
96 1 1
96 2 1
96 3 1
96 4 1
96 5 1
96 6 1
96 7 1
96 8 1
96 9 1
96 10 1
96 11 1
96 12 1
96 13 1
96 14 1
96 15 1
96 16 1
96 17 1
96 18 1
96 19 1
96 20 1
96 21 1
96 22 0
96 23 0
96 24 0
96 25 0
96 26 0
96 27 0
96 28 0
96 29 0
96 30 0
96 31 0
96 32 0
96 33 0
96 34 0
96 35 0
96 36 0
96 37 0
96 38 0
96 39 0
96 40 0
96 41 0
96 42 0
96 43 0
96 44 0
96 45 0
96 46 0
96 47 0
96 48 0
96 49 0
96 50 0
96 51 0
96 52 0
96 53 0
96 54 0
96 55 0
96 56 0
96 57 0
96 58 0
96 59 0
96 60 0
96 61 0
96 62 0
96 63 0
96 64 0
96 65 0
96 66 0
96 67 0
96 68 0
96 69 0
96 70 0
96 71 0
96 72 0
96 73 0
96 74 0
96 75 0
96 76 0
96 77 0
96 78 0
96 79 0
96 80 0
96 81 0
96 82 0
96 83 0
96 84 0
96 85 0
96 86 0
96 87 0
96 88 0
96 89 0
96 90 0
96 91 0
96 92 0
96 93 0
96 94 0
96 95 0
96 96 0
96 97 0
96 98 0
96 99 0
96 100 0
96 101 0
96 102 0
96 103 0
96 104 0
96 105 0
96 106 0
96 107 0
96 108 0
96 109 0
96 110 0
96 111 0
96 112 0
96 113 0
96 114 0
96 115 0
96 116 0
96 117 0
96 118 0
96 119 0
96 120 0
97 1 1
97 2 1
97 3 1
97 4 1
97 5 1
97 6 1
97 7 1
97 8 1
97 9 1
97 10 1
97 11 1
97 12 1
97 13 1
97 14 1
97 15 1
97 16 1
97 17 1
97 18 1
97 19 1
97 20 1
97 21 1
97 22 0
97 23 0
97 24 0
97 25 0
97 26 0
97 27 0
97 28 0
97 29 0
97 30 0
97 31 0
97 32 0
97 33 0
97 34 0
97 35 0
97 36 0
97 37 0
97 38 0
97 39 0
97 40 0
97 41 0
97 42 0
97 43 0
97 44 0
97 45 0
97 46 0
97 47 0
97 48 0
97 49 0
97 50 0
97 51 0
97 52 0
97 53 0
97 54 0
97 55 0
97 56 0
97 57 0
97 58 0
97 59 0
97 60 0
97 61 0
97 62 0
97 63 0
97 64 0
97 65 0
97 66 0
97 67 0
97 68 0
97 69 0
97 70 0
97 71 0
97 72 0
97 73 0
97 74 0
97 75 0
97 76 0
97 77 0
97 78 0
97 79 0
97 80 0
97 81 0
97 82 0
97 83 0
97 84 0
97 85 0
97 86 0
97 87 0
97 88 0
97 89 0
97 90 0
97 91 0
97 92 0
97 93 0
97 94 0
97 95 0
97 96 0
97 97 0
97 98 0
97 99 0
97 100 0
97 101 0
97 102 0
97 103 0
97 104 0
97 105 0
97 106 0
97 107 0
97 108 0
97 109 0
97 110 0
97 111 0
97 112 0
97 113 0
97 114 0
97 115 0
97 116 0
97 117 0
97 118 0
97 119 0
97 120 0
98 1 1
98 2 1
98 3 1
98 4 1
98 5 1
98 6 1
98 7 1
98 8 1
98 9 1
98 10 1
98 11 1
98 12 1
98 13 1
98 14 1
98 15 1
98 16 1
98 17 1
98 18 1
98 19 1
98 20 1
98 21 1
98 22 0
98 23 0
98 24 0
98 25 0
98 26 0
98 27 0
98 28 0
98 29 0
98 30 0
98 31 0
98 32 0
98 33 0
98 34 0
98 35 0
98 36 0
98 37 0
98 38 0
98 39 0
98 40 0
98 41 0
98 42 0
98 43 0
98 44 0
98 45 0
98 46 0
98 47 0
98 48 0
98 49 0
98 50 0
98 51 0
98 52 0
98 53 0
98 54 0
98 55 0
98 56 0
98 57 0
98 58 0
98 59 0
98 60 0
98 61 0
98 62 0
98 63 0
98 64 0
98 65 0
98 66 0
98 67 0
98 68 0
98 69 0
98 70 0
98 71 0
98 72 0
98 73 0
98 74 0
98 75 0
98 76 0
98 77 0
98 78 0
98 79 0
98 80 0
98 81 0
98 82 0
98 83 0
98 84 0
98 85 0
98 86 0
98 87 0
98 88 0
98 89 0
98 90 0
98 91 0
98 92 0
98 93 0
98 94 0
98 95 0
98 96 0
98 97 0
98 98 0
98 99 0
98 100 0
98 101 0
98 102 0
98 103 0
98 104 0
98 105 0
98 106 0
98 107 0
98 108 0
98 109 0
98 110 0
98 111 0
98 112 0
98 113 0
98 114 0
98 115 0
98 116 0
98 117 0
98 118 0
98 119 0
98 120 0
99 1 1
99 2 1
99 3 1
99 4 1
99 5 1
99 6 1
99 7 1
99 8 1
99 9 1
99 10 1
99 11 1
99 12 1
99 13 1
99 14 1
99 15 1
99 16 1
99 17 1
99 18 1
99 19 1
99 20 1
99 21 1
99 22 0
99 23 0
99 24 0
99 25 0
99 26 0
99 27 0
99 28 0
99 29 0
99 30 0
99 31 0
99 32 0
99 33 0
99 34 0
99 35 0
99 36 0
99 37 0
99 38 0
99 39 0
99 40 0
99 41 0
99 42 0
99 43 0
99 44 0
99 45 0
99 46 0
99 47 0
99 48 0
99 49 0
99 50 0
99 51 0
99 52 0
99 53 0
99 54 0
99 55 0
99 56 0
99 57 0
99 58 0
99 59 0
99 60 0
99 61 0
99 62 0
99 63 0
99 64 0
99 65 0
99 66 0
99 67 0
99 68 0
99 69 0
99 70 0
99 71 0
99 72 0
99 73 0
99 74 0
99 75 0
99 76 0
99 77 0
99 78 0
99 79 0
99 80 0
99 81 0
99 82 0
99 83 0
99 84 0
99 85 0
99 86 0
99 87 0
99 88 0
99 89 0
99 90 0
99 91 0
99 92 0
99 93 0
99 94 0
99 95 0
99 96 0
99 97 0
99 98 0
99 99 0
99 100 0
99 101 0
99 102 0
99 103 0
99 104 0
99 105 0
99 106 0
99 107 0
99 108 0
99 109 0
99 110 0
99 111 0
99 112 0
99 113 0
99 114 0
99 115 0
99 116 0
99 117 0
99 118 0
99 119 0
99 120 0
100 1 1
100 2 1
100 3 1
100 4 1
100 5 1
100 6 1
100 7 1
100 8 1
100 9 1
100 10 1
100 11 1
100 12 1
100 13 1
100 14 1
100 15 1
100 16 1
100 17 1
100 18 1
100 19 1
100 20 1
100 21 0
100 22 0
100 23 0
100 24 0
100 25 0
100 26 0
100 27 0
100 28 0
100 29 0
100 30 0
100 31 0
100 32 0
100 33 0
100 34 0
100 35 0
100 36 0
100 37 0
100 38 0
100 39 0
100 40 0
100 41 0
100 42 0
100 43 0
100 44 0
100 45 0
100 46 0
100 47 0
100 48 0
100 49 0
100 50 0
100 51 0
100 52 0
100 53 0
100 54 0
100 55 0
100 56 0
100 57 0
100 58 0
100 59 0
100 60 0
100 61 0
100 62 0
100 63 0
100 64 0
100 65 0
100 66 0
100 67 0
100 68 0
100 69 0
100 70 0
100 71 0
100 72 0
100 73 0
100 74 0
100 75 0
100 76 0
100 77 0
100 78 0
100 79 0
100 80 0
100 81 0
100 82 0
100 83 0
100 84 0
100 85 0
100 86 0
100 87 0
100 88 0
100 89 0
100 90 0
100 91 0
100 92 0
100 93 0
100 94 0
100 95 0
100 96 0
100 97 0
100 98 0
100 99 0
100 100 0
100 101 0
100 102 0
100 103 0
100 104 0
100 105 0
100 106 0
100 107 0
100 108 0
100 109 0
100 110 0
100 111 0
100 112 0
100 113 0
100 114 0
100 115 0
100 116 0
100 117 0
100 118 0
100 119 0
100 120 0
