4 1
8 10
12 20
16 30
20 1
24 10
28 20
32 30
36 1
40 10
44 20
48 30
52 1
56 10
60 20
64 30
68 1
72 10
76 20
80 30
84 1
88 10
92 20
96 30
100 1
4 10
8 20
12 30
16 1
20 10
24 20
28 30
32 1
36 10
40 20
44 30
48 1
52 10
56 20
60 30
64 1
68 10
72 20
76 30
80 1
84 10
88 20
92 30
96 1
100 10
4 20
8 30
12 1
16 10
20 20
24 30
28 1
32 10
36 20
40 30
44 1
48 10
52 20
56 30
60 1
64 10
68 20
72 30
76 1
80 10
84 20
88 30
92 1
96 10
100 20
4 30
8 1
12 10
16 20
20 30
24 1
28 10
32 20
36 30
40 1
44 10
48 20
52 30
56 1
60 10
64 20
68 30
72 1
76 10
80 20
84 30
88 1
92 10
96 20
100 30
